 * Serving Flask app "__init__" (lazy loading)
 * Environment: production
   WARNING: This is a development server. Do not use it in a production deployment.
   Use a production WSGI server instead.
 * Debug mode: on
FROSTHAVEN, RANGE 9, ATTACK, DEBUG_TOGGLE = FALSE
occluder_cache = {((0, 1, 0, 8), (2, 2, 1, 8), (3, 0)): False,
 ((0, 1, 0, 8), (2, 2, 1, 8), (3, 1)): True,
 ((0, 1, 0, 8), (2, 2, 1, 8), (3, 2)): True,
 ((0, 1, 0, 8), (2, 2, 1, 8), (4, 0)): False,
 ((0, 1, 0, 8), (2, 2, 1, 8), (4, 1)): True,
 ((0, 1, 0, 8), (2, 2, 1, 8), (4, 2)): True,
 ((0, 1, 0, 8), (2, 2, 1, 8), (4, 3)): True,
 ((0, 1, 0, 8), (2, 2, 1, 8), (5, 0)): False,
 ((0, 1, 0, 8), (2, 2, 1, 8), (5, 1)): True,
 ((0, 1, 0, 8), (2, 2, 1, 8), (5, 2)): True,
 ((0, 1, 0, 8), (2, 2, 1, 8), (5, 3)): True,
 ((0, 1, 0, 8), (2, 2, 1, 8), (5, 4)): True,
 ((1, 1, 0, 8), (3, 2, 1, 8), (4, 0)): True,
 ((1, 1, 0, 8), (3, 2, 1, 8), (5, 1)): True,
 ((1, 1, 0, 8), (3, 2, 1, 8), (6, 0)): True,
 ((1, 1, 0, 8), (3, 2, 1, 8), (6, 2)): True,
 ((1, 1, 0, 8), (3, 2, 1, 8), (7, 1)): True,
 ((1, 1, 0, 8), (3, 2, 1, 8), (7, 3)): True,
 ((1, 1, 0, 8), (3, 2, 1, 8), (8, 2)): True,
 ((1, 1, 0, 8), (3, 2, 1, 8), (8, 4)): True,
 ((1, 1, 0, 8), (3, 2, 1, 8), (9, 3)): True,
 ((1, 1, 0, 8), (3, 2, 1, 8), (9, 5)): True,
 ((1, 1, 0, 8), (3, 2, 1, 8), (10, 4)): True,
 ((1, 2, 1, 8), (4, 1), (5, 2, 0, 8)): True,
 ((1, 2, 1, 8), (4, 3), (5, 1, 0, 8)): True,
 ((1, 2, 1, 8), (5, 1, 0, 8), (5, 3)): True,
 ((1, 2, 1, 8), (5, 1, 0, 8), (5, 4)): True,
 ((1, 2, 1, 8), (5, 1, 0, 8), (6, 3)): True,
 ((1, 2, 1, 8), (5, 1, 0, 8), (6, 4)): True,
 ((1, 2, 1, 8), (5, 1, 0, 8), (6, 5)): True,
 ((1, 2, 1, 8), (5, 1, 0, 8), (7, 3)): True,
 ((1, 2, 1, 8), (5, 1, 0, 8), (7, 4)): True,
 ((1, 2, 1, 8), (5, 1, 0, 8), (7, 5)): True,
 ((1, 2, 1, 8), (5, 1, 0, 8), (8, 3)): True,
 ((1, 2, 1, 8), (5, 1, 0, 8), (8, 4)): True,
 ((1, 2, 1, 8), (5, 1, 0, 8), (8, 5)): True,
 ((1, 2, 1, 8), (5, 1, 0, 8), (9, 3)): True,
 ((1, 2, 1, 8), (5, 1, 0, 8), (9, 4)): True,
 ((1, 2, 1, 8), (5, 1, 0, 8), (9, 5)): True,
 ((2, 1, 0, 8), (4, 2, 1, 8), (9, 4)): True,
 ((2, 1, 0, 8), (4, 2, 1, 8), (9, 6)): True,
 ((2, 1, 0, 8), (4, 2, 1, 8), (10, 3)): True,
 ((2, 1, 0, 8), (4, 2, 1, 8), (10, 5)): True}
HIT
occluder_cache = {((0, 1, 0, 8), (2, 2, 1, 8), (3, 0)): False,
 ((0, 1, 0, 8), (2, 2, 1, 8), (3, 1)): True,
 ((0, 1, 0, 8), (2, 2, 1, 8), (3, 2)): True,
 ((0, 1, 0, 8), (2, 2, 1, 8), (4, 0)): False,
 ((0, 1, 0, 8), (2, 2, 1, 8), (4, 1)): True,
 ((0, 1, 0, 8), (2, 2, 1, 8), (4, 2)): True,
 ((0, 1, 0, 8), (2, 2, 1, 8), (4, 3)): True,
 ((0, 1, 0, 8), (2, 2, 1, 8), (5, 0)): False,
 ((0, 1, 0, 8), (2, 2, 1, 8), (5, 1)): True,
 ((0, 1, 0, 8), (2, 2, 1, 8), (5, 2)): True,
 ((0, 1, 0, 8), (2, 2, 1, 8), (5, 3)): True,
 ((0, 1, 0, 8), (2, 2, 1, 8), (5, 4)): True,
 ((1, 1, 0, 8), (3, 2, 1, 8), (4, 0)): True,
 ((1, 1, 0, 8), (3, 2, 1, 8), (5, 1)): True,
 ((1, 1, 0, 8), (3, 2, 1, 8), (6, 0)): True,
 ((1, 1, 0, 8), (3, 2, 1, 8), (6, 2)): True,
 ((1, 1, 0, 8), (3, 2, 1, 8), (7, 1)): True,
 ((1, 1, 0, 8), (3, 2, 1, 8), (7, 3)): True,
 ((1, 1, 0, 8), (3, 2, 1, 8), (8, 2)): True,
 ((1, 1, 0, 8), (3, 2, 1, 8), (8, 4)): True,
 ((1, 1, 0, 8), (3, 2, 1, 8), (9, 3)): True,
 ((1, 1, 0, 8), (3, 2, 1, 8), (9, 5)): True,
 ((1, 1, 0, 8), (3, 2, 1, 8), (10, 4)): True,
 ((1, 2, 1, 8), (4, 1), (5, 2, 0, 8)): True,
 ((1, 2, 1, 8), (4, 3), (5, 1, 0, 8)): True,
 ((1, 2, 1, 8), (5, 1, 0, 8), (5, 3)): True,
 ((1, 2, 1, 8), (5, 1, 0, 8), (5, 4)): True,
 ((1, 2, 1, 8), (5, 1, 0, 8), (6, 3)): True,
 ((1, 2, 1, 8), (5, 1, 0, 8), (6, 4)): True,
 ((1, 2, 1, 8), (5, 1, 0, 8), (6, 5)): True,
 ((1, 2, 1, 8), (5, 1, 0, 8), (7, 3)): True,
 ((1, 2, 1, 8), (5, 1, 0, 8), (7, 4)): True,
 ((1, 2, 1, 8), (5, 1, 0, 8), (7, 5)): True,
 ((1, 2, 1, 8), (5, 1, 0, 8), (8, 3)): True,
 ((1, 2, 1, 8), (5, 1, 0, 8), (8, 4)): True,
 ((1, 2, 1, 8), (5, 1, 0, 8), (8, 5)): True,
 ((1, 2, 1, 8), (5, 1, 0, 8), (9, 3)): True,
 ((1, 2, 1, 8), (5, 1, 0, 8), (9, 4)): True,
 ((1, 2, 1, 8), (5, 1, 0, 8), (9, 5)): True,
 ((2, 1, 0, 8), (4, 2, 1, 8), (9, 4)): True,
 ((2, 1, 0, 8), (4, 2, 1, 8), (9, 6)): True,
 ((2, 1, 0, 8), (4, 2, 1, 8), (10, 3)): True,
 ((2, 1, 0, 8), (4, 2, 1, 8), (10, 5)): True}
HIT
occluder_cache = {((0, 1, 0, 8), (2, 2, 1, 8), (3, 0)): False,
 ((0, 1, 0, 8), (2, 2, 1, 8), (3, 1)): True,
 ((0, 1, 0, 8), (2, 2, 1, 8), (3, 2)): True,
 ((0, 1, 0, 8), (2, 2, 1, 8), (4, 0)): False,
 ((0, 1, 0, 8), (2, 2, 1, 8), (4, 1)): True,
 ((0, 1, 0, 8), (2, 2, 1, 8), (4, 2)): True,
 ((0, 1, 0, 8), (2, 2, 1, 8), (4, 3)): True,
 ((0, 1, 0, 8), (2, 2, 1, 8), (5, 0)): False,
 ((0, 1, 0, 8), (2, 2, 1, 8), (5, 1)): True,
 ((0, 1, 0, 8), (2, 2, 1, 8), (5, 2)): True,
 ((0, 1, 0, 8), (2, 2, 1, 8), (5, 3)): True,
 ((0, 1, 0, 8), (2, 2, 1, 8), (5, 4)): True,
 ((1, 1, 0, 8), (3, 2, 1, 8), (4, 0)): True,
 ((1, 1, 0, 8), (3, 2, 1, 8), (5, 1)): True,
 ((1, 1, 0, 8), (3, 2, 1, 8), (6, 0)): True,
 ((1, 1, 0, 8), (3, 2, 1, 8), (6, 2)): True,
 ((1, 1, 0, 8), (3, 2, 1, 8), (7, 1)): True,
 ((1, 1, 0, 8), (3, 2, 1, 8), (7, 3)): True,
 ((1, 1, 0, 8), (3, 2, 1, 8), (8, 2)): True,
 ((1, 1, 0, 8), (3, 2, 1, 8), (8, 4)): True,
 ((1, 1, 0, 8), (3, 2, 1, 8), (9, 3)): True,
 ((1, 1, 0, 8), (3, 2, 1, 8), (9, 5)): True,
 ((1, 1, 0, 8), (3, 2, 1, 8), (10, 4)): True,
 ((1, 2, 1, 8), (4, 1), (5, 2, 0, 8)): True,
 ((1, 2, 1, 8), (4, 3), (5, 1, 0, 8)): True,
 ((1, 2, 1, 8), (5, 1, 0, 8), (5, 3)): True,
 ((1, 2, 1, 8), (5, 1, 0, 8), (5, 4)): True,
 ((1, 2, 1, 8), (5, 1, 0, 8), (6, 3)): True,
 ((1, 2, 1, 8), (5, 1, 0, 8), (6, 4)): True,
 ((1, 2, 1, 8), (5, 1, 0, 8), (6, 5)): True,
 ((1, 2, 1, 8), (5, 1, 0, 8), (7, 3)): True,
 ((1, 2, 1, 8), (5, 1, 0, 8), (7, 4)): True,
 ((1, 2, 1, 8), (5, 1, 0, 8), (7, 5)): True,
 ((1, 2, 1, 8), (5, 1, 0, 8), (8, 3)): True,
 ((1, 2, 1, 8), (5, 1, 0, 8), (8, 4)): True,
 ((1, 2, 1, 8), (5, 1, 0, 8), (8, 5)): True,
 ((1, 2, 1, 8), (5, 1, 0, 8), (9, 3)): True,
 ((1, 2, 1, 8), (5, 1, 0, 8), (9, 4)): True,
 ((1, 2, 1, 8), (5, 1, 0, 8), (9, 5)): True,
 ((2, 1, 0, 8), (4, 2, 1, 8), (9, 4)): True,
 ((2, 1, 0, 8), (4, 2, 1, 8), (9, 6)): True,
 ((2, 1, 0, 8), (4, 2, 1, 8), (10, 3)): True,
 ((2, 1, 0, 8), (4, 2, 1, 8), (10, 5)): True}
HIT
occluder_cache = {((0, 1, 0, 8), (2, 2, 1, 8), (3, 0)): False,
 ((0, 1, 0, 8), (2, 2, 1, 8), (3, 1)): True,
 ((0, 1, 0, 8), (2, 2, 1, 8), (3, 2)): True,
 ((0, 1, 0, 8), (2, 2, 1, 8), (4, 0)): False,
 ((0, 1, 0, 8), (2, 2, 1, 8), (4, 1)): True,
 ((0, 1, 0, 8), (2, 2, 1, 8), (4, 2)): True,
 ((0, 1, 0, 8), (2, 2, 1, 8), (4, 3)): True,
 ((0, 1, 0, 8), (2, 2, 1, 8), (5, 0)): False,
 ((0, 1, 0, 8), (2, 2, 1, 8), (5, 1)): True,
 ((0, 1, 0, 8), (2, 2, 1, 8), (5, 2)): True,
 ((0, 1, 0, 8), (2, 2, 1, 8), (5, 3)): True,
 ((0, 1, 0, 8), (2, 2, 1, 8), (5, 4)): True,
 ((1, 1, 0, 8), (3, 2, 1, 8), (4, 0)): True,
 ((1, 1, 0, 8), (3, 2, 1, 8), (5, 1)): True,
 ((1, 1, 0, 8), (3, 2, 1, 8), (6, 0)): True,
 ((1, 1, 0, 8), (3, 2, 1, 8), (6, 2)): True,
 ((1, 1, 0, 8), (3, 2, 1, 8), (7, 1)): True,
 ((1, 1, 0, 8), (3, 2, 1, 8), (7, 3)): True,
 ((1, 1, 0, 8), (3, 2, 1, 8), (8, 2)): True,
 ((1, 1, 0, 8), (3, 2, 1, 8), (8, 4)): True,
 ((1, 1, 0, 8), (3, 2, 1, 8), (9, 3)): True,
 ((1, 1, 0, 8), (3, 2, 1, 8), (9, 5)): True,
 ((1, 1, 0, 8), (3, 2, 1, 8), (10, 4)): True,
 ((1, 2, 1, 8), (4, 1), (5, 2, 0, 8)): True,
 ((1, 2, 1, 8), (4, 3), (5, 1, 0, 8)): True,
 ((1, 2, 1, 8), (5, 1, 0, 8), (5, 3)): True,
 ((1, 2, 1, 8), (5, 1, 0, 8), (5, 4)): True,
 ((1, 2, 1, 8), (5, 1, 0, 8), (6, 3)): True,
 ((1, 2, 1, 8), (5, 1, 0, 8), (6, 4)): True,
 ((1, 2, 1, 8), (5, 1, 0, 8), (6, 5)): True,
 ((1, 2, 1, 8), (5, 1, 0, 8), (7, 3)): True,
 ((1, 2, 1, 8), (5, 1, 0, 8), (7, 4)): True,
 ((1, 2, 1, 8), (5, 1, 0, 8), (7, 5)): True,
 ((1, 2, 1, 8), (5, 1, 0, 8), (8, 3)): True,
 ((1, 2, 1, 8), (5, 1, 0, 8), (8, 4)): True,
 ((1, 2, 1, 8), (5, 1, 0, 8), (8, 5)): True,
 ((1, 2, 1, 8), (5, 1, 0, 8), (9, 3)): True,
 ((1, 2, 1, 8), (5, 1, 0, 8), (9, 4)): True,
 ((1, 2, 1, 8), (5, 1, 0, 8), (9, 5)): True,
 ((2, 1, 0, 8), (4, 2, 1, 8), (9, 4)): True,
 ((2, 1, 0, 8), (4, 2, 1, 8), (9, 6)): True,
 ((2, 1, 0, 8), (4, 2, 1, 8), (10, 3)): True,
 ((2, 1, 0, 8), (4, 2, 1, 8), (10, 5)): True}
HIT
occluder_cache = {((0, 1, 0, 8), (2, 2, 1, 8), (3, 0)): False,
 ((0, 1, 0, 8), (2, 2, 1, 8), (3, 1)): True,
 ((0, 1, 0, 8), (2, 2, 1, 8), (3, 2)): True,
 ((0, 1, 0, 8), (2, 2, 1, 8), (4, 0)): False,
 ((0, 1, 0, 8), (2, 2, 1, 8), (4, 1)): True,
 ((0, 1, 0, 8), (2, 2, 1, 8), (4, 2)): True,
 ((0, 1, 0, 8), (2, 2, 1, 8), (4, 3)): True,
 ((0, 1, 0, 8), (2, 2, 1, 8), (5, 0)): False,
 ((0, 1, 0, 8), (2, 2, 1, 8), (5, 1)): True,
 ((0, 1, 0, 8), (2, 2, 1, 8), (5, 2)): True,
 ((0, 1, 0, 8), (2, 2, 1, 8), (5, 3)): True,
 ((0, 1, 0, 8), (2, 2, 1, 8), (5, 4)): True,
 ((1, 1, 0, 8), (3, 2, 1, 8), (4, 0)): True,
 ((1, 1, 0, 8), (3, 2, 1, 8), (5, 1)): True,
 ((1, 1, 0, 8), (3, 2, 1, 8), (6, 0)): True,
 ((1, 1, 0, 8), (3, 2, 1, 8), (6, 2)): True,
 ((1, 1, 0, 8), (3, 2, 1, 8), (7, 1)): True,
 ((1, 1, 0, 8), (3, 2, 1, 8), (7, 3)): True,
 ((1, 1, 0, 8), (3, 2, 1, 8), (8, 2)): True,
 ((1, 1, 0, 8), (3, 2, 1, 8), (8, 4)): True,
 ((1, 1, 0, 8), (3, 2, 1, 8), (9, 3)): True,
 ((1, 1, 0, 8), (3, 2, 1, 8), (9, 5)): True,
 ((1, 1, 0, 8), (3, 2, 1, 8), (10, 4)): True,
 ((1, 2, 1, 8), (4, 1), (5, 2, 0, 8)): True,
 ((1, 2, 1, 8), (4, 3), (5, 1, 0, 8)): True,
 ((1, 2, 1, 8), (5, 1, 0, 8), (5, 3)): True,
 ((1, 2, 1, 8), (5, 1, 0, 8), (5, 4)): True,
 ((1, 2, 1, 8), (5, 1, 0, 8), (6, 3)): True,
 ((1, 2, 1, 8), (5, 1, 0, 8), (6, 4)): True,
 ((1, 2, 1, 8), (5, 1, 0, 8), (6, 5)): True,
 ((1, 2, 1, 8), (5, 1, 0, 8), (7, 3)): True,
 ((1, 2, 1, 8), (5, 1, 0, 8), (7, 4)): True,
 ((1, 2, 1, 8), (5, 1, 0, 8), (7, 5)): True,
 ((1, 2, 1, 8), (5, 1, 0, 8), (8, 3)): True,
 ((1, 2, 1, 8), (5, 1, 0, 8), (8, 4)): True,
 ((1, 2, 1, 8), (5, 1, 0, 8), (8, 5)): True,
 ((1, 2, 1, 8), (5, 1, 0, 8), (9, 3)): True,
 ((1, 2, 1, 8), (5, 1, 0, 8), (9, 4)): True,
 ((1, 2, 1, 8), (5, 1, 0, 8), (9, 5)): True,
 ((2, 1, 0, 8), (4, 2, 1, 8), (9, 4)): True,
 ((2, 1, 0, 8), (4, 2, 1, 8), (9, 6)): True,
 ((2, 1, 0, 8), (4, 2, 1, 8), (10, 3)): True,
 ((2, 1, 0, 8), (4, 2, 1, 8), (10, 5)): True}
HIT
occluder_cache = {((0, 1, 0, 8), (2, 2, 1, 8), (3, 0)): False,
 ((0, 1, 0, 8), (2, 2, 1, 8), (3, 1)): True,
 ((0, 1, 0, 8), (2, 2, 1, 8), (3, 2)): True,
 ((0, 1, 0, 8), (2, 2, 1, 8), (4, 0)): False,
 ((0, 1, 0, 8), (2, 2, 1, 8), (4, 1)): True,
 ((0, 1, 0, 8), (2, 2, 1, 8), (4, 2)): True,
 ((0, 1, 0, 8), (2, 2, 1, 8), (4, 3)): True,
 ((0, 1, 0, 8), (2, 2, 1, 8), (5, 0)): False,
 ((0, 1, 0, 8), (2, 2, 1, 8), (5, 1)): True,
 ((0, 1, 0, 8), (2, 2, 1, 8), (5, 2)): True,
 ((0, 1, 0, 8), (2, 2, 1, 8), (5, 3)): True,
 ((0, 1, 0, 8), (2, 2, 1, 8), (5, 4)): True,
 ((1, 1, 0, 8), (3, 2, 1, 8), (4, 0)): True,
 ((1, 1, 0, 8), (3, 2, 1, 8), (5, 1)): True,
 ((1, 1, 0, 8), (3, 2, 1, 8), (6, 0)): True,
 ((1, 1, 0, 8), (3, 2, 1, 8), (6, 2)): True,
 ((1, 1, 0, 8), (3, 2, 1, 8), (7, 1)): True,
 ((1, 1, 0, 8), (3, 2, 1, 8), (7, 3)): True,
 ((1, 1, 0, 8), (3, 2, 1, 8), (8, 2)): True,
 ((1, 1, 0, 8), (3, 2, 1, 8), (8, 4)): True,
 ((1, 1, 0, 8), (3, 2, 1, 8), (9, 3)): True,
 ((1, 1, 0, 8), (3, 2, 1, 8), (9, 5)): True,
 ((1, 1, 0, 8), (3, 2, 1, 8), (10, 4)): True,
 ((1, 2, 1, 8), (4, 1), (5, 2, 0, 8)): True,
 ((1, 2, 1, 8), (4, 3), (5, 1, 0, 8)): True,
 ((1, 2, 1, 8), (5, 1, 0, 8), (5, 3)): True,
 ((1, 2, 1, 8), (5, 1, 0, 8), (5, 4)): True,
 ((1, 2, 1, 8), (5, 1, 0, 8), (6, 3)): True,
 ((1, 2, 1, 8), (5, 1, 0, 8), (6, 4)): True,
 ((1, 2, 1, 8), (5, 1, 0, 8), (6, 5)): True,
 ((1, 2, 1, 8), (5, 1, 0, 8), (7, 3)): True,
 ((1, 2, 1, 8), (5, 1, 0, 8), (7, 4)): True,
 ((1, 2, 1, 8), (5, 1, 0, 8), (7, 5)): True,
 ((1, 2, 1, 8), (5, 1, 0, 8), (8, 3)): True,
 ((1, 2, 1, 8), (5, 1, 0, 8), (8, 4)): True,
 ((1, 2, 1, 8), (5, 1, 0, 8), (8, 5)): True,
 ((1, 2, 1, 8), (5, 1, 0, 8), (9, 3)): True,
 ((1, 2, 1, 8), (5, 1, 0, 8), (9, 4)): True,
 ((1, 2, 1, 8), (5, 1, 0, 8), (9, 5)): True,
 ((2, 1, 0, 8), (4, 2, 1, 8), (9, 4)): True,
 ((2, 1, 0, 8), (4, 2, 1, 8), (9, 6)): True,
 ((2, 1, 0, 8), (4, 2, 1, 8), (10, 3)): True,
 ((2, 1, 0, 8), (4, 2, 1, 8), (10, 5)): True}
HIT
occluder_cache = {((0, 1, 0, 8), (2, 0), (2, 2, 1, 8)): False,
 ((0, 1, 0, 8), (2, 1), (2, 2, 1, 8)): True,
 ((0, 1, 0, 8), (2, 2, 1, 8), (3, 0)): False,
 ((0, 1, 0, 8), (2, 2, 1, 8), (3, 1)): True,
 ((0, 1, 0, 8), (2, 2, 1, 8), (3, 2)): True,
 ((0, 1, 0, 8), (2, 2, 1, 8), (4, 0)): False,
 ((0, 1, 0, 8), (2, 2, 1, 8), (4, 1)): True,
 ((0, 1, 0, 8), (2, 2, 1, 8), (4, 2)): True,
 ((0, 1, 0, 8), (2, 2, 1, 8), (4, 3)): True,
 ((0, 1, 0, 8), (2, 2, 1, 8), (5, 0)): False,
 ((0, 1, 0, 8), (2, 2, 1, 8), (5, 1)): True,
 ((0, 1, 0, 8), (2, 2, 1, 8), (5, 2)): True,
 ((0, 1, 0, 8), (2, 2, 1, 8), (5, 3)): True,
 ((0, 1, 0, 8), (2, 2, 1, 8), (5, 4)): True,
 ((1, 1, 0, 8), (2, 0), (3, 2, 1, 8)): True,
 ((1, 1, 0, 8), (3, 1), (3, 2, 1, 8)): True,
 ((1, 1, 0, 8), (3, 2, 1, 8), (4, 0)): True,
 ((1, 1, 0, 8), (3, 2, 1, 8), (4, 2)): True,
 ((1, 1, 0, 8), (3, 2, 1, 8), (5, 1)): True,
 ((1, 1, 0, 8), (3, 2, 1, 8), (5, 3)): True,
 ((1, 1, 0, 8), (3, 2, 1, 8), (6, 0)): True,
 ((1, 1, 0, 8), (3, 2, 1, 8), (6, 2)): True,
 ((1, 1, 0, 8), (3, 2, 1, 8), (6, 4)): True,
 ((1, 1, 0, 8), (3, 2, 1, 8), (7, 1)): True,
 ((1, 1, 0, 8), (3, 2, 1, 8), (7, 3)): True,
 ((1, 1, 0, 8), (3, 2, 1, 8), (7, 5)): True,
 ((1, 1, 0, 8), (3, 2, 1, 8), (8, 2)): True,
 ((1, 1, 0, 8), (3, 2, 1, 8), (8, 4)): True,
 ((1, 1, 0, 8), (3, 2, 1, 8), (8, 6)): True,
 ((1, 1, 0, 8), (3, 2, 1, 8), (9, 3)): True,
 ((1, 1, 0, 8), (3, 2, 1, 8), (9, 5)): True,
 ((1, 1, 0, 8), (3, 2, 1, 8), (9, 7)): True,
 ((1, 1, 0, 8), (3, 2, 1, 8), (10, 4)): True,
 ((1, 1, 0, 8), (3, 2, 1, 8), (10, 6)): True,
 ((1, 2, 1, 8), (2, 1), (5, 1, 0, 8)): True,
 ((1, 2, 1, 8), (3, 1), (5, 1, 0, 8)): True,
 ((1, 2, 1, 8), (3, 2), (5, 1, 0, 8)): True,
 ((1, 2, 1, 8), (4, 1), (5, 1, 0, 8)): True,
 ((1, 2, 1, 8), (4, 1), (5, 2, 0, 8)): True,
 ((1, 2, 1, 8), (4, 2), (5, 1, 0, 8)): True,
 ((1, 2, 1, 8), (4, 3), (5, 1, 0, 8)): True,
 ((1, 2, 1, 8), (5, 1), (5, 1, 0, 8)): True,
 ((1, 2, 1, 8), (5, 1, 0, 8), (5, 2)): True,
 ((1, 2, 1, 8), (5, 1, 0, 8), (5, 3)): True,
 ((1, 2, 1, 8), (5, 1, 0, 8), (5, 4)): True,
 ((1, 2, 1, 8), (5, 1, 0, 8), (6, 1)): True,
 ((1, 2, 1, 8), (5, 1, 0, 8), (6, 2)): True,
 ((1, 2, 1, 8), (5, 1, 0, 8), (6, 3)): True,
 ((1, 2, 1, 8), (5, 1, 0, 8), (6, 4)): True,
 ((1, 2, 1, 8), (5, 1, 0, 8), (6, 5)): True,
 ((1, 2, 1, 8), (5, 1, 0, 8), (7, 1)): True,
 ((1, 2, 1, 8), (5, 1, 0, 8), (7, 2)): True,
 ((1, 2, 1, 8), (5, 1, 0, 8), (7, 3)): True,
 ((1, 2, 1, 8), (5, 1, 0, 8), (7, 4)): True,
 ((1, 2, 1, 8), (5, 1, 0, 8), (7, 5)): True,
 ((1, 2, 1, 8), (5, 1, 0, 8), (8, 1)): True,
 ((1, 2, 1, 8), (5, 1, 0, 8), (8, 2)): True,
 ((1, 2, 1, 8), (5, 1, 0, 8), (8, 3)): True,
 ((1, 2, 1, 8), (5, 1, 0, 8), (8, 4)): True,
 ((1, 2, 1, 8), (5, 1, 0, 8), (8, 5)): True,
 ((1, 2, 1, 8), (5, 1, 0, 8), (9, 1)): True,
 ((1, 2, 1, 8), (5, 1, 0, 8), (9, 2)): True,
 ((1, 2, 1, 8), (5, 1, 0, 8), (9, 3)): True,
 ((1, 2, 1, 8), (5, 1, 0, 8), (9, 4)): True,
 ((1, 2, 1, 8), (5, 1, 0, 8), (9, 5)): True,
 ((2, 1, 0, 8), (4, 2, 1, 8), (9, 4)): True,
 ((2, 1, 0, 8), (4, 2, 1, 8), (9, 6)): True,
 ((2, 1, 0, 8), (4, 2, 1, 8), (10, 3)): True,
 ((2, 1, 0, 8), (4, 2, 1, 8), (10, 5)): True}
HIT
occluder_cache = {((0, 1, 0, 8), (2, 0), (2, 2, 1, 8)): False,
 ((0, 1, 0, 8), (2, 1), (2, 2, 1, 8)): True,
 ((0, 1, 0, 8), (2, 2, 1, 8), (3, 0)): False,
 ((0, 1, 0, 8), (2, 2, 1, 8), (3, 1)): True,
 ((0, 1, 0, 8), (2, 2, 1, 8), (3, 2)): True,
 ((0, 1, 0, 8), (2, 2, 1, 8), (4, 0)): False,
 ((0, 1, 0, 8), (2, 2, 1, 8), (4, 1)): True,
 ((0, 1, 0, 8), (2, 2, 1, 8), (4, 2)): True,
 ((0, 1, 0, 8), (2, 2, 1, 8), (4, 3)): True,
 ((0, 1, 0, 8), (2, 2, 1, 8), (5, 0)): False,
 ((0, 1, 0, 8), (2, 2, 1, 8), (5, 1)): True,
 ((0, 1, 0, 8), (2, 2, 1, 8), (5, 2)): True,
 ((0, 1, 0, 8), (2, 2, 1, 8), (5, 3)): True,
 ((0, 1, 0, 8), (2, 2, 1, 8), (5, 4)): True,
 ((1, 1, 0, 8), (2, 0), (3, 2, 1, 8)): True,
 ((1, 1, 0, 8), (3, 1), (3, 2, 1, 8)): True,
 ((1, 1, 0, 8), (3, 2, 1, 8), (4, 0)): True,
 ((1, 1, 0, 8), (3, 2, 1, 8), (4, 2)): True,
 ((1, 1, 0, 8), (3, 2, 1, 8), (5, 1)): True,
 ((1, 1, 0, 8), (3, 2, 1, 8), (5, 3)): True,
 ((1, 1, 0, 8), (3, 2, 1, 8), (6, 0)): True,
 ((1, 1, 0, 8), (3, 2, 1, 8), (6, 2)): True,
 ((1, 1, 0, 8), (3, 2, 1, 8), (6, 4)): True,
 ((1, 1, 0, 8), (3, 2, 1, 8), (7, 1)): True,
 ((1, 1, 0, 8), (3, 2, 1, 8), (7, 3)): True,
 ((1, 1, 0, 8), (3, 2, 1, 8), (7, 5)): True,
 ((1, 1, 0, 8), (3, 2, 1, 8), (8, 2)): True,
 ((1, 1, 0, 8), (3, 2, 1, 8), (8, 4)): True,
 ((1, 1, 0, 8), (3, 2, 1, 8), (8, 6)): True,
 ((1, 1, 0, 8), (3, 2, 1, 8), (9, 3)): True,
 ((1, 1, 0, 8), (3, 2, 1, 8), (9, 5)): True,
 ((1, 1, 0, 8), (3, 2, 1, 8), (9, 7)): True,
 ((1, 1, 0, 8), (3, 2, 1, 8), (10, 4)): True,
 ((1, 1, 0, 8), (3, 2, 1, 8), (10, 6)): True,
 ((1, 2, 1, 8), (2, 1), (5, 1, 0, 8)): True,
 ((1, 2, 1, 8), (3, 1), (5, 1, 0, 8)): True,
 ((1, 2, 1, 8), (3, 2), (5, 1, 0, 8)): True,
 ((1, 2, 1, 8), (4, 1), (5, 1, 0, 8)): True,
 ((1, 2, 1, 8), (4, 1), (5, 2, 0, 8)): True,
 ((1, 2, 1, 8), (4, 2), (5, 1, 0, 8)): True,
 ((1, 2, 1, 8), (4, 3), (5, 1, 0, 8)): True,
 ((1, 2, 1, 8), (5, 1), (5, 1, 0, 8)): True,
 ((1, 2, 1, 8), (5, 1, 0, 8), (5, 2)): True,
 ((1, 2, 1, 8), (5, 1, 0, 8), (5, 3)): True,
 ((1, 2, 1, 8), (5, 1, 0, 8), (5, 4)): True,
 ((1, 2, 1, 8), (5, 1, 0, 8), (6, 1)): True,
 ((1, 2, 1, 8), (5, 1, 0, 8), (6, 2)): True,
 ((1, 2, 1, 8), (5, 1, 0, 8), (6, 3)): True,
 ((1, 2, 1, 8), (5, 1, 0, 8), (6, 4)): True,
 ((1, 2, 1, 8), (5, 1, 0, 8), (6, 5)): True,
 ((1, 2, 1, 8), (5, 1, 0, 8), (7, 1)): True,
 ((1, 2, 1, 8), (5, 1, 0, 8), (7, 2)): True,
 ((1, 2, 1, 8), (5, 1, 0, 8), (7, 3)): True,
 ((1, 2, 1, 8), (5, 1, 0, 8), (7, 4)): True,
 ((1, 2, 1, 8), (5, 1, 0, 8), (7, 5)): True,
 ((1, 2, 1, 8), (5, 1, 0, 8), (8, 1)): True,
 ((1, 2, 1, 8), (5, 1, 0, 8), (8, 2)): True,
 ((1, 2, 1, 8), (5, 1, 0, 8), (8, 3)): True,
 ((1, 2, 1, 8), (5, 1, 0, 8), (8, 4)): True,
 ((1, 2, 1, 8), (5, 1, 0, 8), (8, 5)): True,
 ((1, 2, 1, 8), (5, 1, 0, 8), (9, 1)): True,
 ((1, 2, 1, 8), (5, 1, 0, 8), (9, 2)): True,
 ((1, 2, 1, 8), (5, 1, 0, 8), (9, 3)): True,
 ((1, 2, 1, 8), (5, 1, 0, 8), (9, 4)): True,
 ((1, 2, 1, 8), (5, 1, 0, 8), (9, 5)): True,
 ((2, 1, 0, 8), (4, 2, 1, 8), (9, 4)): True,
 ((2, 1, 0, 8), (4, 2, 1, 8), (9, 6)): True,
 ((2, 1, 0, 8), (4, 2, 1, 8), (10, 3)): True,
 ((2, 1, 0, 8), (4, 2, 1, 8), (10, 5)): True}
HIT
occluder_cache = {((0, 1, 0, 8), (2, 0), (2, 2, 1, 8)): False,
 ((0, 1, 0, 8), (2, 1), (2, 2, 1, 8)): True,
 ((0, 1, 0, 8), (2, 2, 1, 8), (3, 0)): False,
 ((0, 1, 0, 8), (2, 2, 1, 8), (3, 1)): True,
 ((0, 1, 0, 8), (2, 2, 1, 8), (3, 2)): True,
 ((0, 1, 0, 8), (2, 2, 1, 8), (4, 0)): False,
 ((0, 1, 0, 8), (2, 2, 1, 8), (4, 1)): True,
 ((0, 1, 0, 8), (2, 2, 1, 8), (4, 2)): True,
 ((0, 1, 0, 8), (2, 2, 1, 8), (4, 3)): True,
 ((0, 1, 0, 8), (2, 2, 1, 8), (5, 0)): False,
 ((0, 1, 0, 8), (2, 2, 1, 8), (5, 1)): True,
 ((0, 1, 0, 8), (2, 2, 1, 8), (5, 2)): True,
 ((0, 1, 0, 8), (2, 2, 1, 8), (5, 3)): True,
 ((0, 1, 0, 8), (2, 2, 1, 8), (5, 4)): True,
 ((1, 1, 0, 8), (2, 0), (3, 2, 1, 8)): True,
 ((1, 1, 0, 8), (3, 1), (3, 2, 1, 8)): True,
 ((1, 1, 0, 8), (3, 2, 1, 8), (4, 0)): True,
 ((1, 1, 0, 8), (3, 2, 1, 8), (4, 2)): True,
 ((1, 1, 0, 8), (3, 2, 1, 8), (5, 1)): True,
 ((1, 1, 0, 8), (3, 2, 1, 8), (5, 3)): True,
 ((1, 1, 0, 8), (3, 2, 1, 8), (6, 0)): True,
 ((1, 1, 0, 8), (3, 2, 1, 8), (6, 2)): True,
 ((1, 1, 0, 8), (3, 2, 1, 8), (6, 4)): True,
 ((1, 1, 0, 8), (3, 2, 1, 8), (7, 1)): True,
 ((1, 1, 0, 8), (3, 2, 1, 8), (7, 3)): True,
 ((1, 1, 0, 8), (3, 2, 1, 8), (7, 5)): True,
 ((1, 1, 0, 8), (3, 2, 1, 8), (8, 2)): True,
 ((1, 1, 0, 8), (3, 2, 1, 8), (8, 4)): True,
 ((1, 1, 0, 8), (3, 2, 1, 8), (8, 6)): True,
 ((1, 1, 0, 8), (3, 2, 1, 8), (9, 3)): True,
 ((1, 1, 0, 8), (3, 2, 1, 8), (9, 5)): True,
 ((1, 1, 0, 8), (3, 2, 1, 8), (9, 7)): True,
 ((1, 1, 0, 8), (3, 2, 1, 8), (10, 4)): True,
 ((1, 1, 0, 8), (3, 2, 1, 8), (10, 6)): True,
 ((1, 2, 1, 8), (2, 1), (5, 1, 0, 8)): True,
 ((1, 2, 1, 8), (3, 1), (5, 1, 0, 8)): True,
 ((1, 2, 1, 8), (3, 2), (5, 1, 0, 8)): True,
 ((1, 2, 1, 8), (4, 1), (5, 1, 0, 8)): True,
 ((1, 2, 1, 8), (4, 1), (5, 2, 0, 8)): True,
 ((1, 2, 1, 8), (4, 2), (5, 1, 0, 8)): True,
 ((1, 2, 1, 8), (4, 3), (5, 1, 0, 8)): True,
 ((1, 2, 1, 8), (5, 1), (5, 1, 0, 8)): True,
 ((1, 2, 1, 8), (5, 1, 0, 8), (5, 2)): True,
 ((1, 2, 1, 8), (5, 1, 0, 8), (5, 3)): True,
 ((1, 2, 1, 8), (5, 1, 0, 8), (5, 4)): True,
 ((1, 2, 1, 8), (5, 1, 0, 8), (6, 1)): True,
 ((1, 2, 1, 8), (5, 1, 0, 8), (6, 2)): True,
 ((1, 2, 1, 8), (5, 1, 0, 8), (6, 3)): True,
 ((1, 2, 1, 8), (5, 1, 0, 8), (6, 4)): True,
 ((1, 2, 1, 8), (5, 1, 0, 8), (6, 5)): True,
 ((1, 2, 1, 8), (5, 1, 0, 8), (7, 1)): True,
 ((1, 2, 1, 8), (5, 1, 0, 8), (7, 2)): True,
 ((1, 2, 1, 8), (5, 1, 0, 8), (7, 3)): True,
 ((1, 2, 1, 8), (5, 1, 0, 8), (7, 4)): True,
 ((1, 2, 1, 8), (5, 1, 0, 8), (7, 5)): True,
 ((1, 2, 1, 8), (5, 1, 0, 8), (8, 1)): True,
 ((1, 2, 1, 8), (5, 1, 0, 8), (8, 2)): True,
 ((1, 2, 1, 8), (5, 1, 0, 8), (8, 3)): True,
 ((1, 2, 1, 8), (5, 1, 0, 8), (8, 4)): True,
 ((1, 2, 1, 8), (5, 1, 0, 8), (8, 5)): True,
 ((1, 2, 1, 8), (5, 1, 0, 8), (9, 1)): True,
 ((1, 2, 1, 8), (5, 1, 0, 8), (9, 2)): True,
 ((1, 2, 1, 8), (5, 1, 0, 8), (9, 3)): True,
 ((1, 2, 1, 8), (5, 1, 0, 8), (9, 4)): True,
 ((1, 2, 1, 8), (5, 1, 0, 8), (9, 5)): True,
 ((2, 1, 0, 8), (4, 2, 1, 8), (9, 4)): True,
 ((2, 1, 0, 8), (4, 2, 1, 8), (9, 6)): True,
 ((2, 1, 0, 8), (4, 2, 1, 8), (10, 3)): True,
 ((2, 1, 0, 8), (4, 2, 1, 8), (10, 5)): True}
HIT
occluder_cache = {((0, 1, 0, 8), (2, 0), (2, 2, 1, 8)): False,
 ((0, 1, 0, 8), (2, 1), (2, 2, 1, 8)): True,
 ((0, 1, 0, 8), (2, 2, 1, 8), (3, 0)): False,
 ((0, 1, 0, 8), (2, 2, 1, 8), (3, 1)): True,
 ((0, 1, 0, 8), (2, 2, 1, 8), (3, 2)): True,
 ((0, 1, 0, 8), (2, 2, 1, 8), (4, 0)): False,
 ((0, 1, 0, 8), (2, 2, 1, 8), (4, 1)): True,
 ((0, 1, 0, 8), (2, 2, 1, 8), (4, 2)): True,
 ((0, 1, 0, 8), (2, 2, 1, 8), (4, 3)): True,
 ((0, 1, 0, 8), (2, 2, 1, 8), (5, 0)): False,
 ((0, 1, 0, 8), (2, 2, 1, 8), (5, 1)): True,
 ((0, 1, 0, 8), (2, 2, 1, 8), (5, 2)): True,
 ((0, 1, 0, 8), (2, 2, 1, 8), (5, 3)): True,
 ((0, 1, 0, 8), (2, 2, 1, 8), (5, 4)): True,
 ((1, 1, 0, 8), (2, 0), (3, 2, 1, 8)): True,
 ((1, 1, 0, 8), (3, 1), (3, 2, 1, 8)): True,
 ((1, 1, 0, 8), (3, 2, 1, 8), (4, 0)): True,
 ((1, 1, 0, 8), (3, 2, 1, 8), (4, 2)): True,
 ((1, 1, 0, 8), (3, 2, 1, 8), (5, 1)): True,
 ((1, 1, 0, 8), (3, 2, 1, 8), (5, 3)): True,
 ((1, 1, 0, 8), (3, 2, 1, 8), (6, 0)): True,
 ((1, 1, 0, 8), (3, 2, 1, 8), (6, 2)): True,
 ((1, 1, 0, 8), (3, 2, 1, 8), (6, 4)): True,
 ((1, 1, 0, 8), (3, 2, 1, 8), (7, 1)): True,
 ((1, 1, 0, 8), (3, 2, 1, 8), (7, 3)): True,
 ((1, 1, 0, 8), (3, 2, 1, 8), (7, 5)): True,
 ((1, 1, 0, 8), (3, 2, 1, 8), (8, 2)): True,
 ((1, 1, 0, 8), (3, 2, 1, 8), (8, 4)): True,
 ((1, 1, 0, 8), (3, 2, 1, 8), (8, 6)): True,
 ((1, 1, 0, 8), (3, 2, 1, 8), (9, 3)): True,
 ((1, 1, 0, 8), (3, 2, 1, 8), (9, 5)): True,
 ((1, 1, 0, 8), (3, 2, 1, 8), (9, 7)): True,
 ((1, 1, 0, 8), (3, 2, 1, 8), (10, 4)): True,
 ((1, 1, 0, 8), (3, 2, 1, 8), (10, 6)): True,
 ((1, 2, 1, 8), (2, 1), (5, 1, 0, 8)): True,
 ((1, 2, 1, 8), (3, 1), (5, 1, 0, 8)): True,
 ((1, 2, 1, 8), (3, 2), (5, 1, 0, 8)): True,
 ((1, 2, 1, 8), (4, 1), (5, 1, 0, 8)): True,
 ((1, 2, 1, 8), (4, 1), (5, 2, 0, 8)): True,
 ((1, 2, 1, 8), (4, 2), (5, 1, 0, 8)): True,
 ((1, 2, 1, 8), (4, 3), (5, 1, 0, 8)): True,
 ((1, 2, 1, 8), (5, 1), (5, 1, 0, 8)): True,
 ((1, 2, 1, 8), (5, 1, 0, 8), (5, 2)): True,
 ((1, 2, 1, 8), (5, 1, 0, 8), (5, 3)): True,
 ((1, 2, 1, 8), (5, 1, 0, 8), (5, 4)): True,
 ((1, 2, 1, 8), (5, 1, 0, 8), (6, 1)): True,
 ((1, 2, 1, 8), (5, 1, 0, 8), (6, 2)): True,
 ((1, 2, 1, 8), (5, 1, 0, 8), (6, 3)): True,
 ((1, 2, 1, 8), (5, 1, 0, 8), (6, 4)): True,
 ((1, 2, 1, 8), (5, 1, 0, 8), (6, 5)): True,
 ((1, 2, 1, 8), (5, 1, 0, 8), (7, 1)): True,
 ((1, 2, 1, 8), (5, 1, 0, 8), (7, 2)): True,
 ((1, 2, 1, 8), (5, 1, 0, 8), (7, 3)): True,
 ((1, 2, 1, 8), (5, 1, 0, 8), (7, 4)): True,
 ((1, 2, 1, 8), (5, 1, 0, 8), (7, 5)): True,
 ((1, 2, 1, 8), (5, 1, 0, 8), (8, 1)): True,
 ((1, 2, 1, 8), (5, 1, 0, 8), (8, 2)): True,
 ((1, 2, 1, 8), (5, 1, 0, 8), (8, 3)): True,
 ((1, 2, 1, 8), (5, 1, 0, 8), (8, 4)): True,
 ((1, 2, 1, 8), (5, 1, 0, 8), (8, 5)): True,
 ((1, 2, 1, 8), (5, 1, 0, 8), (9, 1)): True,
 ((1, 2, 1, 8), (5, 1, 0, 8), (9, 2)): True,
 ((1, 2, 1, 8), (5, 1, 0, 8), (9, 3)): True,
 ((1, 2, 1, 8), (5, 1, 0, 8), (9, 4)): True,
 ((1, 2, 1, 8), (5, 1, 0, 8), (9, 5)): True,
 ((2, 1, 0, 8), (4, 2, 1, 8), (9, 4)): True,
 ((2, 1, 0, 8), (4, 2, 1, 8), (9, 6)): True,
 ((2, 1, 0, 8), (4, 2, 1, 8), (10, 3)): True,
 ((2, 1, 0, 8), (4, 2, 1, 8), (10, 5)): True}
HIT
occluder_cache = {((0, 1, 0, 8), (2, 0), (2, 2, 1, 8)): False,
 ((0, 1, 0, 8), (2, 1), (2, 2, 1, 8)): True,
 ((0, 1, 0, 8), (2, 2, 1, 8), (3, 0)): False,
 ((0, 1, 0, 8), (2, 2, 1, 8), (3, 1)): True,
 ((0, 1, 0, 8), (2, 2, 1, 8), (3, 2)): True,
 ((0, 1, 0, 8), (2, 2, 1, 8), (4, 0)): False,
 ((0, 1, 0, 8), (2, 2, 1, 8), (4, 1)): True,
 ((0, 1, 0, 8), (2, 2, 1, 8), (4, 2)): True,
 ((0, 1, 0, 8), (2, 2, 1, 8), (4, 3)): True,
 ((0, 1, 0, 8), (2, 2, 1, 8), (5, 0)): False,
 ((0, 1, 0, 8), (2, 2, 1, 8), (5, 1)): True,
 ((0, 1, 0, 8), (2, 2, 1, 8), (5, 2)): True,
 ((0, 1, 0, 8), (2, 2, 1, 8), (5, 3)): True,
 ((0, 1, 0, 8), (2, 2, 1, 8), (5, 4)): True,
 ((1, 1, 0, 8), (2, 0), (3, 2, 1, 8)): True,
 ((1, 1, 0, 8), (3, 1), (3, 2, 1, 8)): True,
 ((1, 1, 0, 8), (3, 2, 1, 8), (4, 0)): True,
 ((1, 1, 0, 8), (3, 2, 1, 8), (4, 2)): True,
 ((1, 1, 0, 8), (3, 2, 1, 8), (5, 1)): True,
 ((1, 1, 0, 8), (3, 2, 1, 8), (5, 3)): True,
 ((1, 1, 0, 8), (3, 2, 1, 8), (6, 0)): True,
 ((1, 1, 0, 8), (3, 2, 1, 8), (6, 2)): True,
 ((1, 1, 0, 8), (3, 2, 1, 8), (6, 4)): True,
 ((1, 1, 0, 8), (3, 2, 1, 8), (7, 1)): True,
 ((1, 1, 0, 8), (3, 2, 1, 8), (7, 3)): True,
 ((1, 1, 0, 8), (3, 2, 1, 8), (7, 5)): True,
 ((1, 1, 0, 8), (3, 2, 1, 8), (8, 2)): True,
 ((1, 1, 0, 8), (3, 2, 1, 8), (8, 4)): True,
 ((1, 1, 0, 8), (3, 2, 1, 8), (8, 6)): True,
 ((1, 1, 0, 8), (3, 2, 1, 8), (9, 3)): True,
 ((1, 1, 0, 8), (3, 2, 1, 8), (9, 5)): True,
 ((1, 1, 0, 8), (3, 2, 1, 8), (9, 7)): True,
 ((1, 1, 0, 8), (3, 2, 1, 8), (10, 4)): True,
 ((1, 1, 0, 8), (3, 2, 1, 8), (10, 6)): True,
 ((1, 2, 1, 8), (2, 1), (5, 1, 0, 8)): True,
 ((1, 2, 1, 8), (3, 1), (5, 1, 0, 8)): True,
 ((1, 2, 1, 8), (3, 2), (5, 1, 0, 8)): True,
 ((1, 2, 1, 8), (4, 1), (5, 1, 0, 8)): True,
 ((1, 2, 1, 8), (4, 1), (5, 2, 0, 8)): True,
 ((1, 2, 1, 8), (4, 2), (5, 1, 0, 8)): True,
 ((1, 2, 1, 8), (4, 3), (5, 1, 0, 8)): True,
 ((1, 2, 1, 8), (5, 1), (5, 1, 0, 8)): True,
 ((1, 2, 1, 8), (5, 1, 0, 8), (5, 2)): True,
 ((1, 2, 1, 8), (5, 1, 0, 8), (5, 3)): True,
 ((1, 2, 1, 8), (5, 1, 0, 8), (5, 4)): True,
 ((1, 2, 1, 8), (5, 1, 0, 8), (6, 1)): True,
 ((1, 2, 1, 8), (5, 1, 0, 8), (6, 2)): True,
 ((1, 2, 1, 8), (5, 1, 0, 8), (6, 3)): True,
 ((1, 2, 1, 8), (5, 1, 0, 8), (6, 4)): True,
 ((1, 2, 1, 8), (5, 1, 0, 8), (6, 5)): True,
 ((1, 2, 1, 8), (5, 1, 0, 8), (7, 1)): True,
 ((1, 2, 1, 8), (5, 1, 0, 8), (7, 2)): True,
 ((1, 2, 1, 8), (5, 1, 0, 8), (7, 3)): True,
 ((1, 2, 1, 8), (5, 1, 0, 8), (7, 4)): True,
 ((1, 2, 1, 8), (5, 1, 0, 8), (7, 5)): True,
 ((1, 2, 1, 8), (5, 1, 0, 8), (8, 1)): True,
 ((1, 2, 1, 8), (5, 1, 0, 8), (8, 2)): True,
 ((1, 2, 1, 8), (5, 1, 0, 8), (8, 3)): True,
 ((1, 2, 1, 8), (5, 1, 0, 8), (8, 4)): True,
 ((1, 2, 1, 8), (5, 1, 0, 8), (8, 5)): True,
 ((1, 2, 1, 8), (5, 1, 0, 8), (9, 1)): True,
 ((1, 2, 1, 8), (5, 1, 0, 8), (9, 2)): True,
 ((1, 2, 1, 8), (5, 1, 0, 8), (9, 3)): True,
 ((1, 2, 1, 8), (5, 1, 0, 8), (9, 4)): True,
 ((1, 2, 1, 8), (5, 1, 0, 8), (9, 5)): True,
 ((2, 1, 0, 8), (4, 2, 1, 8), (9, 4)): True,
 ((2, 1, 0, 8), (4, 2, 1, 8), (9, 6)): True,
 ((2, 1, 0, 8), (4, 2, 1, 8), (10, 3)): True,
 ((2, 1, 0, 8), (4, 2, 1, 8), (10, 5)): True}
HIT
occluder_cache = {((0, 1, 0, 8), (2, 0), (2, 2, 1, 8)): False,
 ((0, 1, 0, 8), (2, 1), (2, 2, 1, 8)): True,
 ((0, 1, 0, 8), (2, 2, 1, 8), (3, 0)): False,
 ((0, 1, 0, 8), (2, 2, 1, 8), (3, 1)): True,
 ((0, 1, 0, 8), (2, 2, 1, 8), (3, 2)): True,
 ((0, 1, 0, 8), (2, 2, 1, 8), (4, 0)): False,
 ((0, 1, 0, 8), (2, 2, 1, 8), (4, 1)): True,
 ((0, 1, 0, 8), (2, 2, 1, 8), (4, 2)): True,
 ((0, 1, 0, 8), (2, 2, 1, 8), (4, 3)): True,
 ((0, 1, 0, 8), (2, 2, 1, 8), (5, 0)): False,
 ((0, 1, 0, 8), (2, 2, 1, 8), (5, 1)): True,
 ((0, 1, 0, 8), (2, 2, 1, 8), (5, 2)): True,
 ((0, 1, 0, 8), (2, 2, 1, 8), (5, 3)): True,
 ((0, 1, 0, 8), (2, 2, 1, 8), (5, 4)): True,
 ((1, 1, 0, 8), (2, 0), (3, 2, 1, 8)): True,
 ((1, 1, 0, 8), (3, 1), (3, 2, 1, 8)): True,
 ((1, 1, 0, 8), (3, 2, 1, 8), (4, 0)): True,
 ((1, 1, 0, 8), (3, 2, 1, 8), (4, 2)): True,
 ((1, 1, 0, 8), (3, 2, 1, 8), (5, 1)): True,
 ((1, 1, 0, 8), (3, 2, 1, 8), (5, 3)): True,
 ((1, 1, 0, 8), (3, 2, 1, 8), (6, 0)): True,
 ((1, 1, 0, 8), (3, 2, 1, 8), (6, 2)): True,
 ((1, 1, 0, 8), (3, 2, 1, 8), (6, 4)): True,
 ((1, 1, 0, 8), (3, 2, 1, 8), (7, 1)): True,
 ((1, 1, 0, 8), (3, 2, 1, 8), (7, 3)): True,
 ((1, 1, 0, 8), (3, 2, 1, 8), (7, 5)): True,
 ((1, 1, 0, 8), (3, 2, 1, 8), (8, 2)): True,
 ((1, 1, 0, 8), (3, 2, 1, 8), (8, 4)): True,
 ((1, 1, 0, 8), (3, 2, 1, 8), (8, 6)): True,
 ((1, 1, 0, 8), (3, 2, 1, 8), (9, 3)): True,
 ((1, 1, 0, 8), (3, 2, 1, 8), (9, 5)): True,
 ((1, 1, 0, 8), (3, 2, 1, 8), (9, 7)): True,
 ((1, 1, 0, 8), (3, 2, 1, 8), (10, 4)): True,
 ((1, 1, 0, 8), (3, 2, 1, 8), (10, 6)): True,
 ((1, 2, 1, 8), (2, 1), (5, 1, 0, 8)): True,
 ((1, 2, 1, 8), (3, 1), (5, 1, 0, 8)): True,
 ((1, 2, 1, 8), (3, 2), (5, 1, 0, 8)): True,
 ((1, 2, 1, 8), (4, 1), (5, 1, 0, 8)): True,
 ((1, 2, 1, 8), (4, 1), (5, 2, 0, 8)): True,
 ((1, 2, 1, 8), (4, 2), (5, 1, 0, 8)): True,
 ((1, 2, 1, 8), (4, 3), (5, 1, 0, 8)): True,
 ((1, 2, 1, 8), (5, 1), (5, 1, 0, 8)): True,
 ((1, 2, 1, 8), (5, 1, 0, 8), (5, 2)): True,
 ((1, 2, 1, 8), (5, 1, 0, 8), (5, 3)): True,
 ((1, 2, 1, 8), (5, 1, 0, 8), (5, 4)): True,
 ((1, 2, 1, 8), (5, 1, 0, 8), (6, 1)): True,
 ((1, 2, 1, 8), (5, 1, 0, 8), (6, 2)): True,
 ((1, 2, 1, 8), (5, 1, 0, 8), (6, 3)): True,
 ((1, 2, 1, 8), (5, 1, 0, 8), (6, 4)): True,
 ((1, 2, 1, 8), (5, 1, 0, 8), (6, 5)): True,
 ((1, 2, 1, 8), (5, 1, 0, 8), (7, 1)): True,
 ((1, 2, 1, 8), (5, 1, 0, 8), (7, 2)): True,
 ((1, 2, 1, 8), (5, 1, 0, 8), (7, 3)): True,
 ((1, 2, 1, 8), (5, 1, 0, 8), (7, 4)): True,
 ((1, 2, 1, 8), (5, 1, 0, 8), (7, 5)): True,
 ((1, 2, 1, 8), (5, 1, 0, 8), (8, 1)): True,
 ((1, 2, 1, 8), (5, 1, 0, 8), (8, 2)): True,
 ((1, 2, 1, 8), (5, 1, 0, 8), (8, 3)): True,
 ((1, 2, 1, 8), (5, 1, 0, 8), (8, 4)): True,
 ((1, 2, 1, 8), (5, 1, 0, 8), (8, 5)): True,
 ((1, 2, 1, 8), (5, 1, 0, 8), (9, 1)): True,
 ((1, 2, 1, 8), (5, 1, 0, 8), (9, 2)): True,
 ((1, 2, 1, 8), (5, 1, 0, 8), (9, 3)): True,
 ((1, 2, 1, 8), (5, 1, 0, 8), (9, 4)): True,
 ((1, 2, 1, 8), (5, 1, 0, 8), (9, 5)): True,
 ((2, 1, 0, 8), (4, 2, 1, 8), (9, 4)): True,
 ((2, 1, 0, 8), (4, 2, 1, 8), (9, 6)): True,
 ((2, 1, 0, 8), (4, 2, 1, 8), (10, 3)): True,
 ((2, 1, 0, 8), (4, 2, 1, 8), (10, 5)): True}
HIT
occluder_cache = {((0, 1, 0, 8), (2, 0), (2, 2, 1, 8)): False,
 ((0, 1, 0, 8), (2, 1), (2, 2, 1, 8)): True,
 ((0, 1, 0, 8), (2, 2, 1, 8), (3, 0)): False,
 ((0, 1, 0, 8), (2, 2, 1, 8), (3, 1)): True,
 ((0, 1, 0, 8), (2, 2, 1, 8), (3, 2)): True,
 ((0, 1, 0, 8), (2, 2, 1, 8), (4, 0)): False,
 ((0, 1, 0, 8), (2, 2, 1, 8), (4, 1)): True,
 ((0, 1, 0, 8), (2, 2, 1, 8), (4, 2)): True,
 ((0, 1, 0, 8), (2, 2, 1, 8), (4, 3)): True,
 ((0, 1, 0, 8), (2, 2, 1, 8), (5, 0)): False,
 ((0, 1, 0, 8), (2, 2, 1, 8), (5, 1)): True,
 ((0, 1, 0, 8), (2, 2, 1, 8), (5, 2)): True,
 ((0, 1, 0, 8), (2, 2, 1, 8), (5, 3)): True,
 ((0, 1, 0, 8), (2, 2, 1, 8), (5, 4)): True,
 ((1, 1, 0, 8), (2, 0), (3, 2, 1, 8)): True,
 ((1, 1, 0, 8), (3, 1), (3, 2, 1, 8)): True,
 ((1, 1, 0, 8), (3, 2, 1, 8), (4, 0)): True,
 ((1, 1, 0, 8), (3, 2, 1, 8), (4, 2)): True,
 ((1, 1, 0, 8), (3, 2, 1, 8), (5, 1)): True,
 ((1, 1, 0, 8), (3, 2, 1, 8), (5, 3)): True,
 ((1, 1, 0, 8), (3, 2, 1, 8), (6, 0)): True,
 ((1, 1, 0, 8), (3, 2, 1, 8), (6, 2)): True,
 ((1, 1, 0, 8), (3, 2, 1, 8), (6, 4)): True,
 ((1, 1, 0, 8), (3, 2, 1, 8), (7, 1)): True,
 ((1, 1, 0, 8), (3, 2, 1, 8), (7, 3)): True,
 ((1, 1, 0, 8), (3, 2, 1, 8), (7, 5)): True,
 ((1, 1, 0, 8), (3, 2, 1, 8), (8, 2)): True,
 ((1, 1, 0, 8), (3, 2, 1, 8), (8, 4)): True,
 ((1, 1, 0, 8), (3, 2, 1, 8), (8, 6)): True,
 ((1, 1, 0, 8), (3, 2, 1, 8), (9, 3)): True,
 ((1, 1, 0, 8), (3, 2, 1, 8), (9, 5)): True,
 ((1, 1, 0, 8), (3, 2, 1, 8), (9, 7)): True,
 ((1, 1, 0, 8), (3, 2, 1, 8), (10, 4)): True,
 ((1, 1, 0, 8), (3, 2, 1, 8), (10, 6)): True,
 ((1, 2, 1, 8), (2, 1), (5, 1, 0, 8)): True,
 ((1, 2, 1, 8), (3, 1), (5, 1, 0, 8)): True,
 ((1, 2, 1, 8), (3, 2), (5, 1, 0, 8)): True,
 ((1, 2, 1, 8), (4, 1), (5, 1, 0, 8)): True,
 ((1, 2, 1, 8), (4, 1), (5, 2, 0, 8)): True,
 ((1, 2, 1, 8), (4, 2), (5, 1, 0, 8)): True,
 ((1, 2, 1, 8), (4, 3), (5, 1, 0, 8)): True,
 ((1, 2, 1, 8), (5, 1), (5, 1, 0, 8)): True,
 ((1, 2, 1, 8), (5, 1, 0, 8), (5, 2)): True,
 ((1, 2, 1, 8), (5, 1, 0, 8), (5, 3)): True,
 ((1, 2, 1, 8), (5, 1, 0, 8), (5, 4)): True,
 ((1, 2, 1, 8), (5, 1, 0, 8), (6, 1)): True,
 ((1, 2, 1, 8), (5, 1, 0, 8), (6, 2)): True,
 ((1, 2, 1, 8), (5, 1, 0, 8), (6, 3)): True,
 ((1, 2, 1, 8), (5, 1, 0, 8), (6, 4)): True,
 ((1, 2, 1, 8), (5, 1, 0, 8), (6, 5)): True,
 ((1, 2, 1, 8), (5, 1, 0, 8), (7, 1)): True,
 ((1, 2, 1, 8), (5, 1, 0, 8), (7, 2)): True,
 ((1, 2, 1, 8), (5, 1, 0, 8), (7, 3)): True,
 ((1, 2, 1, 8), (5, 1, 0, 8), (7, 4)): True,
 ((1, 2, 1, 8), (5, 1, 0, 8), (7, 5)): True,
 ((1, 2, 1, 8), (5, 1, 0, 8), (8, 1)): True,
 ((1, 2, 1, 8), (5, 1, 0, 8), (8, 2)): True,
 ((1, 2, 1, 8), (5, 1, 0, 8), (8, 3)): True,
 ((1, 2, 1, 8), (5, 1, 0, 8), (8, 4)): True,
 ((1, 2, 1, 8), (5, 1, 0, 8), (8, 5)): True,
 ((1, 2, 1, 8), (5, 1, 0, 8), (9, 1)): True,
 ((1, 2, 1, 8), (5, 1, 0, 8), (9, 2)): True,
 ((1, 2, 1, 8), (5, 1, 0, 8), (9, 3)): True,
 ((1, 2, 1, 8), (5, 1, 0, 8), (9, 4)): True,
 ((1, 2, 1, 8), (5, 1, 0, 8), (9, 5)): True,
 ((2, 1, 0, 8), (4, 2, 1, 8), (9, 4)): True,
 ((2, 1, 0, 8), (4, 2, 1, 8), (9, 6)): True,
 ((2, 1, 0, 8), (4, 2, 1, 8), (10, 3)): True,
 ((2, 1, 0, 8), (4, 2, 1, 8), (10, 5)): True}
HIT
occluder_cache = {((0, 1, 0, 8), (2, 0), (2, 2, 1, 8)): False,
 ((0, 1, 0, 8), (2, 1), (2, 2, 1, 8)): True,
 ((0, 1, 0, 8), (2, 2, 1, 8), (3, 0)): False,
 ((0, 1, 0, 8), (2, 2, 1, 8), (3, 1)): True,
 ((0, 1, 0, 8), (2, 2, 1, 8), (3, 2)): True,
 ((0, 1, 0, 8), (2, 2, 1, 8), (4, 0)): False,
 ((0, 1, 0, 8), (2, 2, 1, 8), (4, 1)): True,
 ((0, 1, 0, 8), (2, 2, 1, 8), (4, 2)): True,
 ((0, 1, 0, 8), (2, 2, 1, 8), (4, 3)): True,
 ((0, 1, 0, 8), (2, 2, 1, 8), (5, 0)): False,
 ((0, 1, 0, 8), (2, 2, 1, 8), (5, 1)): True,
 ((0, 1, 0, 8), (2, 2, 1, 8), (5, 2)): True,
 ((0, 1, 0, 8), (2, 2, 1, 8), (5, 3)): True,
 ((0, 1, 0, 8), (2, 2, 1, 8), (5, 4)): True,
 ((0, 2, 0, 8), (2, 2, 1, 8), (8, 0)): False,
 ((0, 2, 0, 8), (2, 2, 1, 8), (9, 1)): True,
 ((0, 2, 1, 8), (2, 0), (4, 1, 0, 8)): True,
 ((0, 2, 1, 8), (3, 0), (4, 1, 0, 8)): True,
 ((0, 2, 1, 8), (3, 1), (4, 1, 0, 8)): True,
 ((0, 2, 1, 8), (3, 2), (4, 1, 0, 8)): True,
 ((0, 2, 1, 8), (4, 1), (4, 1, 0, 8)): True,
 ((0, 2, 1, 8), (4, 1, 0, 8), (4, 2)): False,
 ((0, 2, 1, 8), (4, 1, 0, 8), (4, 3)): True,
 ((0, 2, 1, 8), (4, 1, 0, 8), (5, 2)): True,
 ((0, 2, 1, 8), (4, 1, 0, 8), (5, 3)): True,
 ((0, 2, 1, 8), (4, 1, 0, 8), (5, 4)): True,
 ((0, 2, 1, 8), (4, 1, 0, 8), (6, 3)): False,
 ((0, 2, 1, 8), (4, 1, 0, 8), (6, 4)): True,
 ((0, 2, 1, 8), (4, 1, 0, 8), (6, 5)): True,
 ((0, 2, 1, 8), (4, 1, 0, 8), (7, 4)): True,
 ((0, 2, 1, 8), (4, 1, 0, 8), (7, 5)): True,
 ((0, 2, 1, 8), (4, 1, 0, 8), (7, 6)): True,
 ((0, 2, 1, 8), (4, 1, 0, 8), (8, 5)): True,
 ((0, 2, 1, 8), (4, 1, 0, 8), (8, 6)): True,
 ((0, 2, 1, 8), (4, 1, 0, 8), (8, 7)): True,
 ((0, 2, 1, 8), (4, 1, 0, 8), (9, 6)): True,
 ((0, 2, 1, 8), (4, 1, 0, 8), (9, 7)): True,
 ((0, 2, 1, 8), (4, 1, 0, 8), (9, 8)): True,
 ((0, 2, 1, 8), (4, 2, 0, 8), (8, 7)): True,
 ((0, 2, 1, 8), (4, 2, 0, 8), (9, 7)): True,
 ((0, 2, 1, 8), (4, 2, 0, 8), (9, 8)): True,
 ((1, 1, 0, 8), (2, 0), (3, 2, 1, 8)): True,
 ((1, 1, 0, 8), (3, 1), (3, 2, 1, 8)): True,
 ((1, 1, 0, 8), (3, 2, 1, 8), (4, 0)): True,
 ((1, 1, 0, 8), (3, 2, 1, 8), (4, 2)): True,
 ((1, 1, 0, 8), (3, 2, 1, 8), (5, 1)): True,
 ((1, 1, 0, 8), (3, 2, 1, 8), (5, 3)): True,
 ((1, 1, 0, 8), (3, 2, 1, 8), (6, 0)): True,
 ((1, 1, 0, 8), (3, 2, 1, 8), (6, 2)): True,
 ((1, 1, 0, 8), (3, 2, 1, 8), (6, 4)): True,
 ((1, 1, 0, 8), (3, 2, 1, 8), (7, 1)): True,
 ((1, 1, 0, 8), (3, 2, 1, 8), (7, 3)): True,
 ((1, 1, 0, 8), (3, 2, 1, 8), (7, 5)): True,
 ((1, 1, 0, 8), (3, 2, 1, 8), (8, 2)): True,
 ((1, 1, 0, 8), (3, 2, 1, 8), (8, 4)): True,
 ((1, 1, 0, 8), (3, 2, 1, 8), (8, 6)): True,
 ((1, 1, 0, 8), (3, 2, 1, 8), (9, 3)): True,
 ((1, 1, 0, 8), (3, 2, 1, 8), (9, 5)): True,
 ((1, 1, 0, 8), (3, 2, 1, 8), (9, 7)): True,
 ((1, 1, 0, 8), (3, 2, 1, 8), (10, 4)): True,
 ((1, 1, 0, 8), (3, 2, 1, 8), (10, 6)): True,
 ((1, 1, 0, 8), (3, 2, 1, 8), (10, 8)): True,
 ((1, 2, 1, 8), (2, 0), (5, 1, 0, 8)): True,
 ((1, 2, 1, 8), (2, 1), (5, 1, 0, 8)): True,
 ((1, 2, 1, 8), (3, 0), (5, 1, 0, 8)): True,
 ((1, 2, 1, 8), (3, 1), (5, 1, 0, 8)): True,
 ((1, 2, 1, 8), (3, 2), (5, 1, 0, 8)): True,
 ((1, 2, 1, 8), (4, 0), (5, 1, 0, 8)): True,
 ((1, 2, 1, 8), (4, 1), (5, 1, 0, 8)): True,
 ((1, 2, 1, 8), (4, 1), (5, 2, 0, 8)): True,
 ((1, 2, 1, 8), (4, 2), (5, 1, 0, 8)): True,
 ((1, 2, 1, 8), (4, 3), (5, 1, 0, 8)): True,
 ((1, 2, 1, 8), (5, 0), (5, 1, 0, 8)): True,
 ((1, 2, 1, 8), (5, 1), (5, 1, 0, 8)): True,
 ((1, 2, 1, 8), (5, 1, 0, 8), (5, 2)): True,
 ((1, 2, 1, 8), (5, 1, 0, 8), (5, 3)): True,
 ((1, 2, 1, 8), (5, 1, 0, 8), (5, 4)): True,
 ((1, 2, 1, 8), (5, 1, 0, 8), (6, 0)): True,
 ((1, 2, 1, 8), (5, 1, 0, 8), (6, 1)): True,
 ((1, 2, 1, 8), (5, 1, 0, 8), (6, 2)): True,
 ((1, 2, 1, 8), (5, 1, 0, 8), (6, 3)): True,
 ((1, 2, 1, 8), (5, 1, 0, 8), (6, 4)): True,
 ((1, 2, 1, 8), (5, 1, 0, 8), (6, 5)): True,
 ((1, 2, 1, 8), (5, 1, 0, 8), (7, 0)): True,
 ((1, 2, 1, 8), (5, 1, 0, 8), (7, 1)): True,
 ((1, 2, 1, 8), (5, 1, 0, 8), (7, 2)): True,
 ((1, 2, 1, 8), (5, 1, 0, 8), (7, 3)): True,
 ((1, 2, 1, 8), (5, 1, 0, 8), (7, 4)): True,
 ((1, 2, 1, 8), (5, 1, 0, 8), (7, 5)): True,
 ((1, 2, 1, 8), (5, 1, 0, 8), (8, 0)): True,
 ((1, 2, 1, 8), (5, 1, 0, 8), (8, 1)): True,
 ((1, 2, 1, 8), (5, 1, 0, 8), (8, 2)): True,
 ((1, 2, 1, 8), (5, 1, 0, 8), (8, 3)): True,
 ((1, 2, 1, 8), (5, 1, 0, 8), (8, 4)): True,
 ((1, 2, 1, 8), (5, 1, 0, 8), (8, 5)): True,
 ((1, 2, 1, 8), (5, 1, 0, 8), (9, 1)): True,
 ((1, 2, 1, 8), (5, 1, 0, 8), (9, 2)): True,
 ((1, 2, 1, 8), (5, 1, 0, 8), (9, 3)): True,
 ((1, 2, 1, 8), (5, 1, 0, 8), (9, 4)): True,
 ((1, 2, 1, 8), (5, 1, 0, 8), (9, 5)): True,
 ((1, 2, 1, 8), (5, 2, 0, 8), (7, 0)): True,
 ((1, 2, 1, 8), (5, 2, 0, 8), (7, 1)): True,
 ((1, 2, 1, 8), (5, 2, 0, 8), (7, 2)): True,
 ((1, 2, 1, 8), (5, 2, 0, 8), (7, 3)): True,
 ((1, 2, 1, 8), (5, 2, 0, 8), (7, 4)): True,
 ((1, 2, 1, 8), (5, 2, 0, 8), (7, 5)): True,
 ((1, 2, 1, 8), (5, 2, 0, 8), (7, 6)): True,
 ((1, 2, 1, 8), (5, 2, 0, 8), (8, 0)): True,
 ((1, 2, 1, 8), (5, 2, 0, 8), (8, 1)): True,
 ((1, 2, 1, 8), (5, 2, 0, 8), (8, 2)): True,
 ((1, 2, 1, 8), (5, 2, 0, 8), (8, 3)): True,
 ((1, 2, 1, 8), (5, 2, 0, 8), (8, 4)): True,
 ((1, 2, 1, 8), (5, 2, 0, 8), (8, 5)): True,
 ((1, 2, 1, 8), (5, 2, 0, 8), (8, 6)): True,
 ((1, 2, 1, 8), (5, 2, 0, 8), (8, 7)): True,
 ((1, 2, 1, 8), (5, 2, 0, 8), (9, 0)): True,
 ((1, 2, 1, 8), (5, 2, 0, 8), (9, 1)): True,
 ((1, 2, 1, 8), (5, 2, 0, 8), (9, 2)): True,
 ((1, 2, 1, 8), (5, 2, 0, 8), (9, 3)): True,
 ((1, 2, 1, 8), (5, 2, 0, 8), (9, 4)): True,
 ((1, 2, 1, 8), (5, 2, 0, 8), (9, 5)): True,
 ((1, 2, 1, 8), (5, 2, 0, 8), (9, 6)): True,
 ((1, 2, 1, 8), (5, 2, 0, 8), (9, 7)): True,
 ((1, 2, 1, 8), (5, 2, 0, 8), (9, 8)): True,
 ((2, 0), (2, 1, 0, 8), (4, 2, 1, 8)): True,
 ((2, 0), (3, 1, 0, 8), (5, 2, 1, 8)): True,
 ((2, 1), (3, 1, 0, 8), (5, 2, 1, 8)): True,
 ((2, 1, 0, 8), (3, 0), (4, 2, 1, 8)): True,
 ((2, 1, 0, 8), (3, 1), (4, 2, 1, 8)): True,
 ((2, 1, 0, 8), (3, 2), (4, 2, 1, 8)): True,
 ((2, 1, 0, 8), (4, 0), (4, 2, 1, 8)): True,
 ((2, 1, 0, 8), (4, 1), (4, 2, 1, 8)): True,
 ((2, 1, 0, 8), (4, 2), (4, 2, 1, 8)): True,
 ((2, 1, 0, 8), (4, 2, 1, 8), (5, 0)): True,
 ((2, 1, 0, 8), (4, 2, 1, 8), (5, 1)): True,
 ((2, 1, 0, 8), (4, 2, 1, 8), (5, 2)): True,
 ((2, 1, 0, 8), (4, 2, 1, 8), (5, 3)): True,
 ((2, 1, 0, 8), (4, 2, 1, 8), (6, 0)): True,
 ((2, 1, 0, 8), (4, 2, 1, 8), (6, 1)): True,
 ((2, 1, 0, 8), (4, 2, 1, 8), (6, 2)): True,
 ((2, 1, 0, 8), (4, 2, 1, 8), (6, 3)): True,
 ((2, 1, 0, 8), (4, 2, 1, 8), (7, 0)): True,
 ((2, 1, 0, 8), (4, 2, 1, 8), (7, 1)): True,
 ((2, 1, 0, 8), (4, 2, 1, 8), (7, 2)): True,
 ((2, 1, 0, 8), (4, 2, 1, 8), (7, 3)): True,
 ((2, 1, 0, 8), (4, 2, 1, 8), (8, 0)): True,
 ((2, 1, 0, 8), (4, 2, 1, 8), (8, 1)): True,
 ((2, 1, 0, 8), (4, 2, 1, 8), (8, 2)): True,
 ((2, 1, 0, 8), (4, 2, 1, 8), (8, 3)): True,
 ((2, 1, 0, 8), (4, 2, 1, 8), (9, 0)): True,
 ((2, 1, 0, 8), (4, 2, 1, 8), (9, 1)): True,
 ((2, 1, 0, 8), (4, 2, 1, 8), (9, 2)): True,
 ((2, 1, 0, 8), (4, 2, 1, 8), (9, 3)): True,
 ((2, 1, 0, 8), (4, 2, 1, 8), (9, 4)): True,
 ((2, 1, 0, 8), (4, 2, 1, 8), (9, 6)): True,
 ((2, 1, 0, 8), (4, 2, 1, 8), (10, 1)): True,
 ((2, 1, 0, 8), (4, 2, 1, 8), (10, 3)): True,
 ((2, 1, 0, 8), (4, 2, 1, 8), (10, 5)): True,
 ((3, 0), (3, 1, 0, 8), (5, 2, 1, 8)): True,
 ((3, 1), (3, 1, 0, 8), (5, 2, 1, 8)): True,
 ((3, 1, 0, 8), (3, 2), (5, 2, 1, 8)): True}
HIT
occluder_cache = {((0, 1, 0, 8), (2, 0), (2, 2, 1, 8)): False,
 ((0, 1, 0, 8), (2, 1), (2, 2, 1, 8)): True,
 ((0, 1, 0, 8), (2, 2, 1, 8), (3, 0)): False,
 ((0, 1, 0, 8), (2, 2, 1, 8), (3, 1)): True,
 ((0, 1, 0, 8), (2, 2, 1, 8), (3, 2)): True,
 ((0, 1, 0, 8), (2, 2, 1, 8), (4, 0)): False,
 ((0, 1, 0, 8), (2, 2, 1, 8), (4, 1)): True,
 ((0, 1, 0, 8), (2, 2, 1, 8), (4, 2)): True,
 ((0, 1, 0, 8), (2, 2, 1, 8), (4, 3)): True,
 ((0, 1, 0, 8), (2, 2, 1, 8), (5, 0)): False,
 ((0, 1, 0, 8), (2, 2, 1, 8), (5, 1)): True,
 ((0, 1, 0, 8), (2, 2, 1, 8), (5, 2)): True,
 ((0, 1, 0, 8), (2, 2, 1, 8), (5, 3)): True,
 ((0, 1, 0, 8), (2, 2, 1, 8), (5, 4)): True,
 ((0, 2, 0, 8), (2, 2, 1, 8), (8, 0)): False,
 ((0, 2, 0, 8), (2, 2, 1, 8), (9, 1)): True,
 ((0, 2, 1, 8), (2, 0), (4, 1, 0, 8)): True,
 ((0, 2, 1, 8), (3, 0), (4, 1, 0, 8)): True,
 ((0, 2, 1, 8), (3, 1), (4, 1, 0, 8)): True,
 ((0, 2, 1, 8), (3, 2), (4, 1, 0, 8)): True,
 ((0, 2, 1, 8), (4, 1), (4, 1, 0, 8)): True,
 ((0, 2, 1, 8), (4, 1, 0, 8), (4, 2)): False,
 ((0, 2, 1, 8), (4, 1, 0, 8), (4, 3)): True,
 ((0, 2, 1, 8), (4, 1, 0, 8), (5, 2)): True,
 ((0, 2, 1, 8), (4, 1, 0, 8), (5, 3)): True,
 ((0, 2, 1, 8), (4, 1, 0, 8), (5, 4)): True,
 ((0, 2, 1, 8), (4, 1, 0, 8), (6, 3)): False,
 ((0, 2, 1, 8), (4, 1, 0, 8), (6, 4)): True,
 ((0, 2, 1, 8), (4, 1, 0, 8), (6, 5)): True,
 ((0, 2, 1, 8), (4, 1, 0, 8), (7, 4)): True,
 ((0, 2, 1, 8), (4, 1, 0, 8), (7, 5)): True,
 ((0, 2, 1, 8), (4, 1, 0, 8), (7, 6)): True,
 ((0, 2, 1, 8), (4, 1, 0, 8), (8, 5)): True,
 ((0, 2, 1, 8), (4, 1, 0, 8), (8, 6)): True,
 ((0, 2, 1, 8), (4, 1, 0, 8), (8, 7)): True,
 ((0, 2, 1, 8), (4, 1, 0, 8), (9, 6)): True,
 ((0, 2, 1, 8), (4, 1, 0, 8), (9, 7)): True,
 ((0, 2, 1, 8), (4, 1, 0, 8), (9, 8)): True,
 ((0, 2, 1, 8), (4, 2, 0, 8), (8, 7)): True,
 ((0, 2, 1, 8), (4, 2, 0, 8), (9, 7)): True,
 ((0, 2, 1, 8), (4, 2, 0, 8), (9, 8)): True,
 ((1, 1, 0, 8), (2, 0), (3, 2, 1, 8)): True,
 ((1, 1, 0, 8), (3, 1), (3, 2, 1, 8)): True,
 ((1, 1, 0, 8), (3, 2, 1, 8), (4, 0)): True,
 ((1, 1, 0, 8), (3, 2, 1, 8), (4, 2)): True,
 ((1, 1, 0, 8), (3, 2, 1, 8), (5, 1)): True,
 ((1, 1, 0, 8), (3, 2, 1, 8), (5, 3)): True,
 ((1, 1, 0, 8), (3, 2, 1, 8), (6, 0)): True,
 ((1, 1, 0, 8), (3, 2, 1, 8), (6, 2)): True,
 ((1, 1, 0, 8), (3, 2, 1, 8), (6, 4)): True,
 ((1, 1, 0, 8), (3, 2, 1, 8), (7, 1)): True,
 ((1, 1, 0, 8), (3, 2, 1, 8), (7, 3)): True,
 ((1, 1, 0, 8), (3, 2, 1, 8), (7, 5)): True,
 ((1, 1, 0, 8), (3, 2, 1, 8), (8, 2)): True,
 ((1, 1, 0, 8), (3, 2, 1, 8), (8, 4)): True,
 ((1, 1, 0, 8), (3, 2, 1, 8), (8, 6)): True,
 ((1, 1, 0, 8), (3, 2, 1, 8), (9, 3)): True,
 ((1, 1, 0, 8), (3, 2, 1, 8), (9, 5)): True,
 ((1, 1, 0, 8), (3, 2, 1, 8), (9, 7)): True,
 ((1, 1, 0, 8), (3, 2, 1, 8), (10, 4)): True,
 ((1, 1, 0, 8), (3, 2, 1, 8), (10, 6)): True,
 ((1, 1, 0, 8), (3, 2, 1, 8), (10, 8)): True,
 ((1, 2, 1, 8), (2, 0), (5, 1, 0, 8)): True,
 ((1, 2, 1, 8), (2, 1), (5, 1, 0, 8)): True,
 ((1, 2, 1, 8), (3, 0), (5, 1, 0, 8)): True,
 ((1, 2, 1, 8), (3, 1), (5, 1, 0, 8)): True,
 ((1, 2, 1, 8), (3, 2), (5, 1, 0, 8)): True,
 ((1, 2, 1, 8), (4, 0), (5, 1, 0, 8)): True,
 ((1, 2, 1, 8), (4, 1), (5, 1, 0, 8)): True,
 ((1, 2, 1, 8), (4, 1), (5, 2, 0, 8)): True,
 ((1, 2, 1, 8), (4, 2), (5, 1, 0, 8)): True,
 ((1, 2, 1, 8), (4, 3), (5, 1, 0, 8)): True,
 ((1, 2, 1, 8), (5, 0), (5, 1, 0, 8)): True,
 ((1, 2, 1, 8), (5, 1), (5, 1, 0, 8)): True,
 ((1, 2, 1, 8), (5, 1, 0, 8), (5, 2)): True,
 ((1, 2, 1, 8), (5, 1, 0, 8), (5, 3)): True,
 ((1, 2, 1, 8), (5, 1, 0, 8), (5, 4)): True,
 ((1, 2, 1, 8), (5, 1, 0, 8), (6, 0)): True,
 ((1, 2, 1, 8), (5, 1, 0, 8), (6, 1)): True,
 ((1, 2, 1, 8), (5, 1, 0, 8), (6, 2)): True,
 ((1, 2, 1, 8), (5, 1, 0, 8), (6, 3)): True,
 ((1, 2, 1, 8), (5, 1, 0, 8), (6, 4)): True,
 ((1, 2, 1, 8), (5, 1, 0, 8), (6, 5)): True,
 ((1, 2, 1, 8), (5, 1, 0, 8), (7, 0)): True,
 ((1, 2, 1, 8), (5, 1, 0, 8), (7, 1)): True,
 ((1, 2, 1, 8), (5, 1, 0, 8), (7, 2)): True,
 ((1, 2, 1, 8), (5, 1, 0, 8), (7, 3)): True,
 ((1, 2, 1, 8), (5, 1, 0, 8), (7, 4)): True,
 ((1, 2, 1, 8), (5, 1, 0, 8), (7, 5)): True,
 ((1, 2, 1, 8), (5, 1, 0, 8), (8, 0)): True,
 ((1, 2, 1, 8), (5, 1, 0, 8), (8, 1)): True,
 ((1, 2, 1, 8), (5, 1, 0, 8), (8, 2)): True,
 ((1, 2, 1, 8), (5, 1, 0, 8), (8, 3)): True,
 ((1, 2, 1, 8), (5, 1, 0, 8), (8, 4)): True,
 ((1, 2, 1, 8), (5, 1, 0, 8), (8, 5)): True,
 ((1, 2, 1, 8), (5, 1, 0, 8), (9, 1)): True,
 ((1, 2, 1, 8), (5, 1, 0, 8), (9, 2)): True,
 ((1, 2, 1, 8), (5, 1, 0, 8), (9, 3)): True,
 ((1, 2, 1, 8), (5, 1, 0, 8), (9, 4)): True,
 ((1, 2, 1, 8), (5, 1, 0, 8), (9, 5)): True,
 ((1, 2, 1, 8), (5, 2, 0, 8), (7, 0)): True,
 ((1, 2, 1, 8), (5, 2, 0, 8), (7, 1)): True,
 ((1, 2, 1, 8), (5, 2, 0, 8), (7, 2)): True,
 ((1, 2, 1, 8), (5, 2, 0, 8), (7, 3)): True,
 ((1, 2, 1, 8), (5, 2, 0, 8), (7, 4)): True,
 ((1, 2, 1, 8), (5, 2, 0, 8), (7, 5)): True,
 ((1, 2, 1, 8), (5, 2, 0, 8), (7, 6)): True,
 ((1, 2, 1, 8), (5, 2, 0, 8), (8, 0)): True,
 ((1, 2, 1, 8), (5, 2, 0, 8), (8, 1)): True,
 ((1, 2, 1, 8), (5, 2, 0, 8), (8, 2)): True,
 ((1, 2, 1, 8), (5, 2, 0, 8), (8, 3)): True,
 ((1, 2, 1, 8), (5, 2, 0, 8), (8, 4)): True,
 ((1, 2, 1, 8), (5, 2, 0, 8), (8, 5)): True,
 ((1, 2, 1, 8), (5, 2, 0, 8), (8, 6)): True,
 ((1, 2, 1, 8), (5, 2, 0, 8), (8, 7)): True,
 ((1, 2, 1, 8), (5, 2, 0, 8), (9, 0)): True,
 ((1, 2, 1, 8), (5, 2, 0, 8), (9, 1)): True,
 ((1, 2, 1, 8), (5, 2, 0, 8), (9, 2)): True,
 ((1, 2, 1, 8), (5, 2, 0, 8), (9, 3)): True,
 ((1, 2, 1, 8), (5, 2, 0, 8), (9, 4)): True,
 ((1, 2, 1, 8), (5, 2, 0, 8), (9, 5)): True,
 ((1, 2, 1, 8), (5, 2, 0, 8), (9, 6)): True,
 ((1, 2, 1, 8), (5, 2, 0, 8), (9, 7)): True,
 ((1, 2, 1, 8), (5, 2, 0, 8), (9, 8)): True,
 ((2, 0), (2, 1, 0, 8), (4, 2, 1, 8)): True,
 ((2, 0), (3, 1, 0, 8), (5, 2, 1, 8)): True,
 ((2, 1), (3, 1, 0, 8), (5, 2, 1, 8)): True,
 ((2, 1, 0, 8), (3, 0), (4, 2, 1, 8)): True,
 ((2, 1, 0, 8), (3, 1), (4, 2, 1, 8)): True,
 ((2, 1, 0, 8), (3, 2), (4, 2, 1, 8)): True,
 ((2, 1, 0, 8), (4, 0), (4, 2, 1, 8)): True,
 ((2, 1, 0, 8), (4, 1), (4, 2, 1, 8)): True,
 ((2, 1, 0, 8), (4, 2), (4, 2, 1, 8)): True,
 ((2, 1, 0, 8), (4, 2, 1, 8), (5, 0)): True,
 ((2, 1, 0, 8), (4, 2, 1, 8), (5, 1)): True,
 ((2, 1, 0, 8), (4, 2, 1, 8), (5, 2)): True,
 ((2, 1, 0, 8), (4, 2, 1, 8), (5, 3)): True,
 ((2, 1, 0, 8), (4, 2, 1, 8), (6, 0)): True,
 ((2, 1, 0, 8), (4, 2, 1, 8), (6, 1)): True,
 ((2, 1, 0, 8), (4, 2, 1, 8), (6, 2)): True,
 ((2, 1, 0, 8), (4, 2, 1, 8), (6, 3)): True,
 ((2, 1, 0, 8), (4, 2, 1, 8), (7, 0)): True,
 ((2, 1, 0, 8), (4, 2, 1, 8), (7, 1)): True,
 ((2, 1, 0, 8), (4, 2, 1, 8), (7, 2)): True,
 ((2, 1, 0, 8), (4, 2, 1, 8), (7, 3)): True,
 ((2, 1, 0, 8), (4, 2, 1, 8), (8, 0)): True,
 ((2, 1, 0, 8), (4, 2, 1, 8), (8, 1)): True,
 ((2, 1, 0, 8), (4, 2, 1, 8), (8, 2)): True,
 ((2, 1, 0, 8), (4, 2, 1, 8), (8, 3)): True,
 ((2, 1, 0, 8), (4, 2, 1, 8), (9, 0)): True,
 ((2, 1, 0, 8), (4, 2, 1, 8), (9, 1)): True,
 ((2, 1, 0, 8), (4, 2, 1, 8), (9, 2)): True,
 ((2, 1, 0, 8), (4, 2, 1, 8), (9, 3)): True,
 ((2, 1, 0, 8), (4, 2, 1, 8), (9, 4)): True,
 ((2, 1, 0, 8), (4, 2, 1, 8), (9, 6)): True,
 ((2, 1, 0, 8), (4, 2, 1, 8), (10, 1)): True,
 ((2, 1, 0, 8), (4, 2, 1, 8), (10, 3)): True,
 ((2, 1, 0, 8), (4, 2, 1, 8), (10, 5)): True,
 ((3, 0), (3, 1, 0, 8), (5, 2, 1, 8)): True,
 ((3, 1), (3, 1, 0, 8), (5, 2, 1, 8)): True,
 ((3, 1, 0, 8), (3, 2), (5, 2, 1, 8)): True}
HIT
occluder_cache = {((0, 1, 0, 8), (2, 0), (2, 2, 1, 8)): False,
 ((0, 1, 0, 8), (2, 1), (2, 2, 1, 8)): True,
 ((0, 1, 0, 8), (2, 2, 1, 8), (3, 0)): False,
 ((0, 1, 0, 8), (2, 2, 1, 8), (3, 1)): True,
 ((0, 1, 0, 8), (2, 2, 1, 8), (3, 2)): True,
 ((0, 1, 0, 8), (2, 2, 1, 8), (4, 0)): False,
 ((0, 1, 0, 8), (2, 2, 1, 8), (4, 1)): True,
 ((0, 1, 0, 8), (2, 2, 1, 8), (4, 2)): True,
 ((0, 1, 0, 8), (2, 2, 1, 8), (4, 3)): True,
 ((0, 1, 0, 8), (2, 2, 1, 8), (5, 0)): False,
 ((0, 1, 0, 8), (2, 2, 1, 8), (5, 1)): True,
 ((0, 1, 0, 8), (2, 2, 1, 8), (5, 2)): True,
 ((0, 1, 0, 8), (2, 2, 1, 8), (5, 3)): True,
 ((0, 1, 0, 8), (2, 2, 1, 8), (5, 4)): True,
 ((0, 2, 0, 8), (2, 2, 1, 8), (6, 0)): False,
 ((0, 2, 0, 8), (2, 2, 1, 8), (7, 1)): True,
 ((0, 2, 0, 8), (2, 2, 1, 8), (8, 0)): False,
 ((0, 2, 0, 8), (2, 2, 1, 8), (8, 2)): True,
 ((0, 2, 0, 8), (2, 2, 1, 8), (9, 1)): True,
 ((0, 2, 0, 8), (2, 2, 1, 8), (9, 3)): True,
 ((0, 2, 0, 8), (2, 2, 1, 8), (10, 2)): True,
 ((0, 2, 1, 8), (2, 0), (4, 1, 0, 8)): True,
 ((0, 2, 1, 8), (3, 0), (4, 1, 0, 8)): True,
 ((0, 2, 1, 8), (3, 1), (4, 1, 0, 8)): True,
 ((0, 2, 1, 8), (3, 2), (4, 1, 0, 8)): True,
 ((0, 2, 1, 8), (4, 0), (4, 1, 0, 8)): True,
 ((0, 2, 1, 8), (4, 1), (4, 1, 0, 8)): True,
 ((0, 2, 1, 8), (4, 1, 0, 8), (4, 2)): False,
 ((0, 2, 1, 8), (4, 1, 0, 8), (4, 3)): True,
 ((0, 2, 1, 8), (4, 1, 0, 8), (5, 0)): True,
 ((0, 2, 1, 8), (4, 1, 0, 8), (5, 1)): True,
 ((0, 2, 1, 8), (4, 1, 0, 8), (5, 2)): True,
 ((0, 2, 1, 8), (4, 1, 0, 8), (5, 3)): True,
 ((0, 2, 1, 8), (4, 1, 0, 8), (5, 4)): True,
 ((0, 2, 1, 8), (4, 1, 0, 8), (6, 1)): True,
 ((0, 2, 1, 8), (4, 1, 0, 8), (6, 2)): True,
 ((0, 2, 1, 8), (4, 1, 0, 8), (6, 3)): False,
 ((0, 2, 1, 8), (4, 1, 0, 8), (6, 4)): True,
 ((0, 2, 1, 8), (4, 1, 0, 8), (6, 5)): True,
 ((0, 2, 1, 8), (4, 1, 0, 8), (7, 2)): True,
 ((0, 2, 1, 8), (4, 1, 0, 8), (7, 3)): True,
 ((0, 2, 1, 8), (4, 1, 0, 8), (7, 4)): True,
 ((0, 2, 1, 8), (4, 1, 0, 8), (7, 5)): True,
 ((0, 2, 1, 8), (4, 1, 0, 8), (7, 6)): True,
 ((0, 2, 1, 8), (4, 1, 0, 8), (8, 3)): True,
 ((0, 2, 1, 8), (4, 1, 0, 8), (8, 4)): False,
 ((0, 2, 1, 8), (4, 1, 0, 8), (8, 5)): True,
 ((0, 2, 1, 8), (4, 1, 0, 8), (8, 6)): True,
 ((0, 2, 1, 8), (4, 1, 0, 8), (8, 7)): True,
 ((0, 2, 1, 8), (4, 1, 0, 8), (9, 4)): True,
 ((0, 2, 1, 8), (4, 1, 0, 8), (9, 5)): True,
 ((0, 2, 1, 8), (4, 1, 0, 8), (9, 6)): True,
 ((0, 2, 1, 8), (4, 1, 0, 8), (9, 7)): True,
 ((0, 2, 1, 8), (4, 1, 0, 8), (9, 8)): True,
 ((0, 2, 1, 8), (4, 2, 0, 8), (6, 5)): True,
 ((0, 2, 1, 8), (4, 2, 0, 8), (7, 5)): True,
 ((0, 2, 1, 8), (4, 2, 0, 8), (7, 6)): True,
 ((0, 2, 1, 8), (4, 2, 0, 8), (8, 5)): True,
 ((0, 2, 1, 8), (4, 2, 0, 8), (8, 6)): True,
 ((0, 2, 1, 8), (4, 2, 0, 8), (8, 7)): True,
 ((0, 2, 1, 8), (4, 2, 0, 8), (9, 5)): True,
 ((0, 2, 1, 8), (4, 2, 0, 8), (9, 6)): True,
 ((0, 2, 1, 8), (4, 2, 0, 8), (9, 7)): True,
 ((0, 2, 1, 8), (4, 2, 0, 8), (9, 8)): True,
 ((1, 1, 0, 8), (2, 0), (3, 2, 1, 8)): True,
 ((1, 1, 0, 8), (3, 1), (3, 2, 1, 8)): True,
 ((1, 1, 0, 8), (3, 2, 1, 8), (4, 0)): True,
 ((1, 1, 0, 8), (3, 2, 1, 8), (4, 2)): True,
 ((1, 1, 0, 8), (3, 2, 1, 8), (5, 1)): True,
 ((1, 1, 0, 8), (3, 2, 1, 8), (5, 3)): True,
 ((1, 1, 0, 8), (3, 2, 1, 8), (6, 0)): True,
 ((1, 1, 0, 8), (3, 2, 1, 8), (6, 2)): True,
 ((1, 1, 0, 8), (3, 2, 1, 8), (6, 4)): True,
 ((1, 1, 0, 8), (3, 2, 1, 8), (7, 1)): True,
 ((1, 1, 0, 8), (3, 2, 1, 8), (7, 3)): True,
 ((1, 1, 0, 8), (3, 2, 1, 8), (7, 5)): True,
 ((1, 1, 0, 8), (3, 2, 1, 8), (8, 2)): True,
 ((1, 1, 0, 8), (3, 2, 1, 8), (8, 4)): True,
 ((1, 1, 0, 8), (3, 2, 1, 8), (8, 6)): True,
 ((1, 1, 0, 8), (3, 2, 1, 8), (9, 3)): True,
 ((1, 1, 0, 8), (3, 2, 1, 8), (9, 5)): True,
 ((1, 1, 0, 8), (3, 2, 1, 8), (9, 7)): True,
 ((1, 1, 0, 8), (3, 2, 1, 8), (10, 4)): True,
 ((1, 1, 0, 8), (3, 2, 1, 8), (10, 6)): True,
 ((1, 1, 0, 8), (3, 2, 1, 8), (10, 8)): True,
 ((1, 2, 1, 8), (2, 0), (5, 1, 0, 8)): True,
 ((1, 2, 1, 8), (2, 1), (5, 1, 0, 8)): True,
 ((1, 2, 1, 8), (3, 0), (5, 1, 0, 8)): True,
 ((1, 2, 1, 8), (3, 1), (5, 1, 0, 8)): True,
 ((1, 2, 1, 8), (3, 2), (5, 1, 0, 8)): True,
 ((1, 2, 1, 8), (4, 0), (5, 1, 0, 8)): True,
 ((1, 2, 1, 8), (4, 1), (5, 1, 0, 8)): True,
 ((1, 2, 1, 8), (4, 1), (5, 2, 0, 8)): True,
 ((1, 2, 1, 8), (4, 2), (5, 1, 0, 8)): True,
 ((1, 2, 1, 8), (4, 3), (5, 1, 0, 8)): True,
 ((1, 2, 1, 8), (5, 0), (5, 1, 0, 8)): True,
 ((1, 2, 1, 8), (5, 0), (5, 2, 0, 8)): True,
 ((1, 2, 1, 8), (5, 1), (5, 1, 0, 8)): True,
 ((1, 2, 1, 8), (5, 1), (5, 2, 0, 8)): True,
 ((1, 2, 1, 8), (5, 1, 0, 8), (5, 2)): True,
 ((1, 2, 1, 8), (5, 1, 0, 8), (5, 3)): True,
 ((1, 2, 1, 8), (5, 1, 0, 8), (5, 4)): True,
 ((1, 2, 1, 8), (5, 1, 0, 8), (6, 0)): True,
 ((1, 2, 1, 8), (5, 1, 0, 8), (6, 1)): True,
 ((1, 2, 1, 8), (5, 1, 0, 8), (6, 2)): True,
 ((1, 2, 1, 8), (5, 1, 0, 8), (6, 3)): True,
 ((1, 2, 1, 8), (5, 1, 0, 8), (6, 4)): True,
 ((1, 2, 1, 8), (5, 1, 0, 8), (6, 5)): True,
 ((1, 2, 1, 8), (5, 1, 0, 8), (7, 0)): True,
 ((1, 2, 1, 8), (5, 1, 0, 8), (7, 1)): True,
 ((1, 2, 1, 8), (5, 1, 0, 8), (7, 2)): True,
 ((1, 2, 1, 8), (5, 1, 0, 8), (7, 3)): True,
 ((1, 2, 1, 8), (5, 1, 0, 8), (7, 4)): True,
 ((1, 2, 1, 8), (5, 1, 0, 8), (7, 5)): True,
 ((1, 2, 1, 8), (5, 1, 0, 8), (8, 0)): True,
 ((1, 2, 1, 8), (5, 1, 0, 8), (8, 1)): True,
 ((1, 2, 1, 8), (5, 1, 0, 8), (8, 2)): True,
 ((1, 2, 1, 8), (5, 1, 0, 8), (8, 3)): True,
 ((1, 2, 1, 8), (5, 1, 0, 8), (8, 4)): True,
 ((1, 2, 1, 8), (5, 1, 0, 8), (8, 5)): True,
 ((1, 2, 1, 8), (5, 1, 0, 8), (9, 1)): True,
 ((1, 2, 1, 8), (5, 1, 0, 8), (9, 2)): True,
 ((1, 2, 1, 8), (5, 1, 0, 8), (9, 3)): True,
 ((1, 2, 1, 8), (5, 1, 0, 8), (9, 4)): True,
 ((1, 2, 1, 8), (5, 1, 0, 8), (9, 5)): True,
 ((1, 2, 1, 8), (5, 2), (5, 2, 0, 8)): True,
 ((1, 2, 1, 8), (5, 2, 0, 8), (5, 3)): True,
 ((1, 2, 1, 8), (5, 2, 0, 8), (5, 4)): True,
 ((1, 2, 1, 8), (5, 2, 0, 8), (6, 0)): True,
 ((1, 2, 1, 8), (5, 2, 0, 8), (6, 1)): True,
 ((1, 2, 1, 8), (5, 2, 0, 8), (6, 2)): True,
 ((1, 2, 1, 8), (5, 2, 0, 8), (6, 3)): True,
 ((1, 2, 1, 8), (5, 2, 0, 8), (6, 4)): True,
 ((1, 2, 1, 8), (5, 2, 0, 8), (6, 5)): True,
 ((1, 2, 1, 8), (5, 2, 0, 8), (7, 0)): True,
 ((1, 2, 1, 8), (5, 2, 0, 8), (7, 1)): True,
 ((1, 2, 1, 8), (5, 2, 0, 8), (7, 2)): True,
 ((1, 2, 1, 8), (5, 2, 0, 8), (7, 3)): True,
 ((1, 2, 1, 8), (5, 2, 0, 8), (7, 4)): True,
 ((1, 2, 1, 8), (5, 2, 0, 8), (7, 5)): True,
 ((1, 2, 1, 8), (5, 2, 0, 8), (7, 6)): True,
 ((1, 2, 1, 8), (5, 2, 0, 8), (8, 0)): True,
 ((1, 2, 1, 8), (5, 2, 0, 8), (8, 1)): True,
 ((1, 2, 1, 8), (5, 2, 0, 8), (8, 2)): True,
 ((1, 2, 1, 8), (5, 2, 0, 8), (8, 3)): True,
 ((1, 2, 1, 8), (5, 2, 0, 8), (8, 4)): True,
 ((1, 2, 1, 8), (5, 2, 0, 8), (8, 5)): True,
 ((1, 2, 1, 8), (5, 2, 0, 8), (8, 6)): True,
 ((1, 2, 1, 8), (5, 2, 0, 8), (8, 7)): True,
 ((1, 2, 1, 8), (5, 2, 0, 8), (9, 0)): True,
 ((1, 2, 1, 8), (5, 2, 0, 8), (9, 1)): True,
 ((1, 2, 1, 8), (5, 2, 0, 8), (9, 2)): True,
 ((1, 2, 1, 8), (5, 2, 0, 8), (9, 3)): True,
 ((1, 2, 1, 8), (5, 2, 0, 8), (9, 4)): True,
 ((1, 2, 1, 8), (5, 2, 0, 8), (9, 5)): True,
 ((1, 2, 1, 8), (5, 2, 0, 8), (9, 6)): True,
 ((1, 2, 1, 8), (5, 2, 0, 8), (9, 7)): True,
 ((1, 2, 1, 8), (5, 2, 0, 8), (9, 8)): True,
 ((2, 0), (2, 1, 0, 8), (4, 2, 1, 8)): True,
 ((2, 0), (3, 1, 0, 8), (5, 2, 1, 8)): True,
 ((2, 1), (3, 1, 0, 8), (5, 2, 1, 8)): True,
 ((2, 1, 0, 8), (3, 0), (4, 2, 1, 8)): True,
 ((2, 1, 0, 8), (3, 1), (4, 2, 1, 8)): True,
 ((2, 1, 0, 8), (3, 2), (4, 2, 1, 8)): True,
 ((2, 1, 0, 8), (4, 0), (4, 2, 1, 8)): True,
 ((2, 1, 0, 8), (4, 1), (4, 2, 1, 8)): True,
 ((2, 1, 0, 8), (4, 2), (4, 2, 1, 8)): True,
 ((2, 1, 0, 8), (4, 2, 1, 8), (5, 0)): True,
 ((2, 1, 0, 8), (4, 2, 1, 8), (5, 1)): True,
 ((2, 1, 0, 8), (4, 2, 1, 8), (5, 2)): True,
 ((2, 1, 0, 8), (4, 2, 1, 8), (5, 3)): True,
 ((2, 1, 0, 8), (4, 2, 1, 8), (5, 4)): True,
 ((2, 1, 0, 8), (4, 2, 1, 8), (6, 0)): True,
 ((2, 1, 0, 8), (4, 2, 1, 8), (6, 1)): True,
 ((2, 1, 0, 8), (4, 2, 1, 8), (6, 2)): True,
 ((2, 1, 0, 8), (4, 2, 1, 8), (6, 3)): True,
 ((2, 1, 0, 8), (4, 2, 1, 8), (6, 4)): True,
 ((2, 1, 0, 8), (4, 2, 1, 8), (7, 0)): True,
 ((2, 1, 0, 8), (4, 2, 1, 8), (7, 1)): True,
 ((2, 1, 0, 8), (4, 2, 1, 8), (7, 2)): True,
 ((2, 1, 0, 8), (4, 2, 1, 8), (7, 3)): True,
 ((2, 1, 0, 8), (4, 2, 1, 8), (7, 4)): True,
 ((2, 1, 0, 8), (4, 2, 1, 8), (7, 5)): True,
 ((2, 1, 0, 8), (4, 2, 1, 8), (8, 0)): True,
 ((2, 1, 0, 8), (4, 2, 1, 8), (8, 1)): True,
 ((2, 1, 0, 8), (4, 2, 1, 8), (8, 2)): True,
 ((2, 1, 0, 8), (4, 2, 1, 8), (8, 3)): True,
 ((2, 1, 0, 8), (4, 2, 1, 8), (8, 4)): True,
 ((2, 1, 0, 8), (4, 2, 1, 8), (8, 5)): True,
 ((2, 1, 0, 8), (4, 2, 1, 8), (9, 0)): True,
 ((2, 1, 0, 8), (4, 2, 1, 8), (9, 1)): True,
 ((2, 1, 0, 8), (4, 2, 1, 8), (9, 2)): True,
 ((2, 1, 0, 8), (4, 2, 1, 8), (9, 3)): True,
 ((2, 1, 0, 8), (4, 2, 1, 8), (9, 4)): True,
 ((2, 1, 0, 8), (4, 2, 1, 8), (9, 5)): True,
 ((2, 1, 0, 8), (4, 2, 1, 8), (9, 6)): True,
 ((2, 1, 0, 8), (4, 2, 1, 8), (10, 1)): True,
 ((2, 1, 0, 8), (4, 2, 1, 8), (10, 3)): True,
 ((2, 1, 0, 8), (4, 2, 1, 8), (10, 5)): True,
 ((3, 0), (3, 1, 0, 8), (5, 2, 1, 8)): True,
 ((3, 1), (3, 1, 0, 8), (5, 2, 1, 8)): True,
 ((3, 1, 0, 8), (3, 2), (5, 2, 1, 8)): True,
 ((3, 1, 0, 8), (4, 0), (5, 2, 1, 8)): True,
 ((3, 1, 0, 8), (4, 1), (5, 2, 1, 8)): True,
 ((3, 1, 0, 8), (4, 2), (5, 2, 1, 8)): True,
 ((3, 1, 0, 8), (4, 3), (5, 2, 1, 8)): True,
 ((3, 1, 0, 8), (5, 0), (5, 2, 1, 8)): True,
 ((3, 1, 0, 8), (5, 1), (5, 2, 1, 8)): True,
 ((3, 1, 0, 8), (5, 2), (5, 2, 1, 8)): True,
 ((3, 1, 0, 8), (5, 2, 1, 8), (5, 3)): True,
 ((3, 1, 0, 8), (5, 2, 1, 8), (5, 4)): True}
HIT
occluder_cache = {((0, 1, 0, 8), (2, 0), (2, 2, 1, 8)): False,
 ((0, 1, 0, 8), (2, 1), (2, 2, 1, 8)): True,
 ((0, 1, 0, 8), (2, 2, 1, 8), (3, 0)): False,
 ((0, 1, 0, 8), (2, 2, 1, 8), (3, 1)): True,
 ((0, 1, 0, 8), (2, 2, 1, 8), (3, 2)): True,
 ((0, 1, 0, 8), (2, 2, 1, 8), (4, 0)): False,
 ((0, 1, 0, 8), (2, 2, 1, 8), (4, 1)): True,
 ((0, 1, 0, 8), (2, 2, 1, 8), (4, 2)): True,
 ((0, 1, 0, 8), (2, 2, 1, 8), (4, 3)): True,
 ((0, 1, 0, 8), (2, 2, 1, 8), (5, 0)): False,
 ((0, 1, 0, 8), (2, 2, 1, 8), (5, 1)): True,
 ((0, 1, 0, 8), (2, 2, 1, 8), (5, 2)): True,
 ((0, 1, 0, 8), (2, 2, 1, 8), (5, 3)): True,
 ((0, 1, 0, 8), (2, 2, 1, 8), (5, 4)): True,
 ((0, 2, 0, 8), (2, 2, 1, 8), (6, 0)): False,
 ((0, 2, 0, 8), (2, 2, 1, 8), (7, 1)): True,
 ((0, 2, 0, 8), (2, 2, 1, 8), (8, 0)): False,
 ((0, 2, 0, 8), (2, 2, 1, 8), (8, 2)): True,
 ((0, 2, 0, 8), (2, 2, 1, 8), (9, 1)): True,
 ((0, 2, 0, 8), (2, 2, 1, 8), (9, 3)): True,
 ((0, 2, 0, 8), (2, 2, 1, 8), (10, 2)): True,
 ((0, 2, 1, 8), (2, 0), (4, 1, 0, 8)): True,
 ((0, 2, 1, 8), (3, 0), (4, 1, 0, 8)): True,
 ((0, 2, 1, 8), (3, 1), (4, 1, 0, 8)): True,
 ((0, 2, 1, 8), (3, 2), (4, 1, 0, 8)): True,
 ((0, 2, 1, 8), (4, 0), (4, 1, 0, 8)): True,
 ((0, 2, 1, 8), (4, 1), (4, 1, 0, 8)): True,
 ((0, 2, 1, 8), (4, 1, 0, 8), (4, 2)): False,
 ((0, 2, 1, 8), (4, 1, 0, 8), (4, 3)): True,
 ((0, 2, 1, 8), (4, 1, 0, 8), (5, 0)): True,
 ((0, 2, 1, 8), (4, 1, 0, 8), (5, 1)): True,
 ((0, 2, 1, 8), (4, 1, 0, 8), (5, 2)): True,
 ((0, 2, 1, 8), (4, 1, 0, 8), (5, 3)): True,
 ((0, 2, 1, 8), (4, 1, 0, 8), (5, 4)): True,
 ((0, 2, 1, 8), (4, 1, 0, 8), (6, 1)): True,
 ((0, 2, 1, 8), (4, 1, 0, 8), (6, 2)): True,
 ((0, 2, 1, 8), (4, 1, 0, 8), (6, 3)): False,
 ((0, 2, 1, 8), (4, 1, 0, 8), (6, 4)): True,
 ((0, 2, 1, 8), (4, 1, 0, 8), (6, 5)): True,
 ((0, 2, 1, 8), (4, 1, 0, 8), (7, 2)): True,
 ((0, 2, 1, 8), (4, 1, 0, 8), (7, 3)): True,
 ((0, 2, 1, 8), (4, 1, 0, 8), (7, 4)): True,
 ((0, 2, 1, 8), (4, 1, 0, 8), (7, 5)): True,
 ((0, 2, 1, 8), (4, 1, 0, 8), (7, 6)): True,
 ((0, 2, 1, 8), (4, 1, 0, 8), (8, 3)): True,
 ((0, 2, 1, 8), (4, 1, 0, 8), (8, 4)): False,
 ((0, 2, 1, 8), (4, 1, 0, 8), (8, 5)): True,
 ((0, 2, 1, 8), (4, 1, 0, 8), (8, 6)): True,
 ((0, 2, 1, 8), (4, 1, 0, 8), (8, 7)): True,
 ((0, 2, 1, 8), (4, 1, 0, 8), (9, 4)): True,
 ((0, 2, 1, 8), (4, 1, 0, 8), (9, 5)): True,
 ((0, 2, 1, 8), (4, 1, 0, 8), (9, 6)): True,
 ((0, 2, 1, 8), (4, 1, 0, 8), (9, 7)): True,
 ((0, 2, 1, 8), (4, 1, 0, 8), (9, 8)): True,
 ((0, 2, 1, 8), (4, 2, 0, 8), (6, 5)): True,
 ((0, 2, 1, 8), (4, 2, 0, 8), (7, 5)): True,
 ((0, 2, 1, 8), (4, 2, 0, 8), (7, 6)): True,
 ((0, 2, 1, 8), (4, 2, 0, 8), (8, 5)): True,
 ((0, 2, 1, 8), (4, 2, 0, 8), (8, 6)): True,
 ((0, 2, 1, 8), (4, 2, 0, 8), (8, 7)): True,
 ((0, 2, 1, 8), (4, 2, 0, 8), (9, 5)): True,
 ((0, 2, 1, 8), (4, 2, 0, 8), (9, 6)): True,
 ((0, 2, 1, 8), (4, 2, 0, 8), (9, 7)): True,
 ((0, 2, 1, 8), (4, 2, 0, 8), (9, 8)): True,
 ((1, 1, 0, 8), (2, 0), (3, 2, 1, 8)): True,
 ((1, 1, 0, 8), (3, 1), (3, 2, 1, 8)): True,
 ((1, 1, 0, 8), (3, 2, 1, 8), (4, 0)): True,
 ((1, 1, 0, 8), (3, 2, 1, 8), (4, 2)): True,
 ((1, 1, 0, 8), (3, 2, 1, 8), (5, 1)): True,
 ((1, 1, 0, 8), (3, 2, 1, 8), (5, 3)): True,
 ((1, 1, 0, 8), (3, 2, 1, 8), (6, 0)): True,
 ((1, 1, 0, 8), (3, 2, 1, 8), (6, 2)): True,
 ((1, 1, 0, 8), (3, 2, 1, 8), (6, 4)): True,
 ((1, 1, 0, 8), (3, 2, 1, 8), (7, 1)): True,
 ((1, 1, 0, 8), (3, 2, 1, 8), (7, 3)): True,
 ((1, 1, 0, 8), (3, 2, 1, 8), (7, 5)): True,
 ((1, 1, 0, 8), (3, 2, 1, 8), (8, 2)): True,
 ((1, 1, 0, 8), (3, 2, 1, 8), (8, 4)): True,
 ((1, 1, 0, 8), (3, 2, 1, 8), (8, 6)): True,
 ((1, 1, 0, 8), (3, 2, 1, 8), (9, 3)): True,
 ((1, 1, 0, 8), (3, 2, 1, 8), (9, 5)): True,
 ((1, 1, 0, 8), (3, 2, 1, 8), (9, 7)): True,
 ((1, 1, 0, 8), (3, 2, 1, 8), (10, 4)): True,
 ((1, 1, 0, 8), (3, 2, 1, 8), (10, 6)): True,
 ((1, 1, 0, 8), (3, 2, 1, 8), (10, 8)): True,
 ((1, 2, 1, 8), (2, 0), (5, 1, 0, 8)): True,
 ((1, 2, 1, 8), (2, 1), (5, 1, 0, 8)): True,
 ((1, 2, 1, 8), (3, 0), (5, 1, 0, 8)): True,
 ((1, 2, 1, 8), (3, 1), (5, 1, 0, 8)): True,
 ((1, 2, 1, 8), (3, 2), (5, 1, 0, 8)): True,
 ((1, 2, 1, 8), (4, 0), (5, 1, 0, 8)): True,
 ((1, 2, 1, 8), (4, 1), (5, 1, 0, 8)): True,
 ((1, 2, 1, 8), (4, 1), (5, 2, 0, 8)): True,
 ((1, 2, 1, 8), (4, 2), (5, 1, 0, 8)): True,
 ((1, 2, 1, 8), (4, 3), (5, 1, 0, 8)): True,
 ((1, 2, 1, 8), (5, 0), (5, 1, 0, 8)): True,
 ((1, 2, 1, 8), (5, 0), (5, 2, 0, 8)): True,
 ((1, 2, 1, 8), (5, 1), (5, 1, 0, 8)): True,
 ((1, 2, 1, 8), (5, 1), (5, 2, 0, 8)): True,
 ((1, 2, 1, 8), (5, 1, 0, 8), (5, 2)): True,
 ((1, 2, 1, 8), (5, 1, 0, 8), (5, 3)): True,
 ((1, 2, 1, 8), (5, 1, 0, 8), (5, 4)): True,
 ((1, 2, 1, 8), (5, 1, 0, 8), (6, 0)): True,
 ((1, 2, 1, 8), (5, 1, 0, 8), (6, 1)): True,
 ((1, 2, 1, 8), (5, 1, 0, 8), (6, 2)): True,
 ((1, 2, 1, 8), (5, 1, 0, 8), (6, 3)): True,
 ((1, 2, 1, 8), (5, 1, 0, 8), (6, 4)): True,
 ((1, 2, 1, 8), (5, 1, 0, 8), (6, 5)): True,
 ((1, 2, 1, 8), (5, 1, 0, 8), (7, 0)): True,
 ((1, 2, 1, 8), (5, 1, 0, 8), (7, 1)): True,
 ((1, 2, 1, 8), (5, 1, 0, 8), (7, 2)): True,
 ((1, 2, 1, 8), (5, 1, 0, 8), (7, 3)): True,
 ((1, 2, 1, 8), (5, 1, 0, 8), (7, 4)): True,
 ((1, 2, 1, 8), (5, 1, 0, 8), (7, 5)): True,
 ((1, 2, 1, 8), (5, 1, 0, 8), (8, 0)): True,
 ((1, 2, 1, 8), (5, 1, 0, 8), (8, 1)): True,
 ((1, 2, 1, 8), (5, 1, 0, 8), (8, 2)): True,
 ((1, 2, 1, 8), (5, 1, 0, 8), (8, 3)): True,
 ((1, 2, 1, 8), (5, 1, 0, 8), (8, 4)): True,
 ((1, 2, 1, 8), (5, 1, 0, 8), (8, 5)): True,
 ((1, 2, 1, 8), (5, 1, 0, 8), (9, 1)): True,
 ((1, 2, 1, 8), (5, 1, 0, 8), (9, 2)): True,
 ((1, 2, 1, 8), (5, 1, 0, 8), (9, 3)): True,
 ((1, 2, 1, 8), (5, 1, 0, 8), (9, 4)): True,
 ((1, 2, 1, 8), (5, 1, 0, 8), (9, 5)): True,
 ((1, 2, 1, 8), (5, 2), (5, 2, 0, 8)): True,
 ((1, 2, 1, 8), (5, 2, 0, 8), (5, 3)): True,
 ((1, 2, 1, 8), (5, 2, 0, 8), (5, 4)): True,
 ((1, 2, 1, 8), (5, 2, 0, 8), (6, 0)): True,
 ((1, 2, 1, 8), (5, 2, 0, 8), (6, 1)): True,
 ((1, 2, 1, 8), (5, 2, 0, 8), (6, 2)): True,
 ((1, 2, 1, 8), (5, 2, 0, 8), (6, 3)): True,
 ((1, 2, 1, 8), (5, 2, 0, 8), (6, 4)): True,
 ((1, 2, 1, 8), (5, 2, 0, 8), (6, 5)): True,
 ((1, 2, 1, 8), (5, 2, 0, 8), (7, 0)): True,
 ((1, 2, 1, 8), (5, 2, 0, 8), (7, 1)): True,
 ((1, 2, 1, 8), (5, 2, 0, 8), (7, 2)): True,
 ((1, 2, 1, 8), (5, 2, 0, 8), (7, 3)): True,
 ((1, 2, 1, 8), (5, 2, 0, 8), (7, 4)): True,
 ((1, 2, 1, 8), (5, 2, 0, 8), (7, 5)): True,
 ((1, 2, 1, 8), (5, 2, 0, 8), (7, 6)): True,
 ((1, 2, 1, 8), (5, 2, 0, 8), (8, 0)): True,
 ((1, 2, 1, 8), (5, 2, 0, 8), (8, 1)): True,
 ((1, 2, 1, 8), (5, 2, 0, 8), (8, 2)): True,
 ((1, 2, 1, 8), (5, 2, 0, 8), (8, 3)): True,
 ((1, 2, 1, 8), (5, 2, 0, 8), (8, 4)): True,
 ((1, 2, 1, 8), (5, 2, 0, 8), (8, 5)): True,
 ((1, 2, 1, 8), (5, 2, 0, 8), (8, 6)): True,
 ((1, 2, 1, 8), (5, 2, 0, 8), (8, 7)): True,
 ((1, 2, 1, 8), (5, 2, 0, 8), (9, 0)): True,
 ((1, 2, 1, 8), (5, 2, 0, 8), (9, 1)): True,
 ((1, 2, 1, 8), (5, 2, 0, 8), (9, 2)): True,
 ((1, 2, 1, 8), (5, 2, 0, 8), (9, 3)): True,
 ((1, 2, 1, 8), (5, 2, 0, 8), (9, 4)): True,
 ((1, 2, 1, 8), (5, 2, 0, 8), (9, 5)): True,
 ((1, 2, 1, 8), (5, 2, 0, 8), (9, 6)): True,
 ((1, 2, 1, 8), (5, 2, 0, 8), (9, 7)): True,
 ((1, 2, 1, 8), (5, 2, 0, 8), (9, 8)): True,
 ((2, 0), (2, 1, 0, 8), (4, 2, 1, 8)): True,
 ((2, 0), (3, 1, 0, 8), (5, 2, 1, 8)): True,
 ((2, 1), (3, 1, 0, 8), (5, 2, 1, 8)): True,
 ((2, 1, 0, 8), (3, 0), (4, 2, 1, 8)): True,
 ((2, 1, 0, 8), (3, 1), (4, 2, 1, 8)): True,
 ((2, 1, 0, 8), (3, 2), (4, 2, 1, 8)): True,
 ((2, 1, 0, 8), (4, 0), (4, 2, 1, 8)): True,
 ((2, 1, 0, 8), (4, 1), (4, 2, 1, 8)): True,
 ((2, 1, 0, 8), (4, 2), (4, 2, 1, 8)): True,
 ((2, 1, 0, 8), (4, 2, 1, 8), (5, 0)): True,
 ((2, 1, 0, 8), (4, 2, 1, 8), (5, 1)): True,
 ((2, 1, 0, 8), (4, 2, 1, 8), (5, 2)): True,
 ((2, 1, 0, 8), (4, 2, 1, 8), (5, 3)): True,
 ((2, 1, 0, 8), (4, 2, 1, 8), (5, 4)): True,
 ((2, 1, 0, 8), (4, 2, 1, 8), (6, 0)): True,
 ((2, 1, 0, 8), (4, 2, 1, 8), (6, 1)): True,
 ((2, 1, 0, 8), (4, 2, 1, 8), (6, 2)): True,
 ((2, 1, 0, 8), (4, 2, 1, 8), (6, 3)): True,
 ((2, 1, 0, 8), (4, 2, 1, 8), (6, 4)): True,
 ((2, 1, 0, 8), (4, 2, 1, 8), (7, 0)): True,
 ((2, 1, 0, 8), (4, 2, 1, 8), (7, 1)): True,
 ((2, 1, 0, 8), (4, 2, 1, 8), (7, 2)): True,
 ((2, 1, 0, 8), (4, 2, 1, 8), (7, 3)): True,
 ((2, 1, 0, 8), (4, 2, 1, 8), (7, 4)): True,
 ((2, 1, 0, 8), (4, 2, 1, 8), (7, 5)): True,
 ((2, 1, 0, 8), (4, 2, 1, 8), (8, 0)): True,
 ((2, 1, 0, 8), (4, 2, 1, 8), (8, 1)): True,
 ((2, 1, 0, 8), (4, 2, 1, 8), (8, 2)): True,
 ((2, 1, 0, 8), (4, 2, 1, 8), (8, 3)): True,
 ((2, 1, 0, 8), (4, 2, 1, 8), (8, 4)): True,
 ((2, 1, 0, 8), (4, 2, 1, 8), (8, 5)): True,
 ((2, 1, 0, 8), (4, 2, 1, 8), (9, 0)): True,
 ((2, 1, 0, 8), (4, 2, 1, 8), (9, 1)): True,
 ((2, 1, 0, 8), (4, 2, 1, 8), (9, 2)): True,
 ((2, 1, 0, 8), (4, 2, 1, 8), (9, 3)): True,
 ((2, 1, 0, 8), (4, 2, 1, 8), (9, 4)): True,
 ((2, 1, 0, 8), (4, 2, 1, 8), (9, 5)): True,
 ((2, 1, 0, 8), (4, 2, 1, 8), (9, 6)): True,
 ((2, 1, 0, 8), (4, 2, 1, 8), (10, 1)): True,
 ((2, 1, 0, 8), (4, 2, 1, 8), (10, 3)): True,
 ((2, 1, 0, 8), (4, 2, 1, 8), (10, 5)): True,
 ((3, 0), (3, 1, 0, 8), (5, 2, 1, 8)): True,
 ((3, 1), (3, 1, 0, 8), (5, 2, 1, 8)): True,
 ((3, 1, 0, 8), (3, 2), (5, 2, 1, 8)): True,
 ((3, 1, 0, 8), (4, 0), (5, 2, 1, 8)): True,
 ((3, 1, 0, 8), (4, 1), (5, 2, 1, 8)): True,
 ((3, 1, 0, 8), (4, 2), (5, 2, 1, 8)): True,
 ((3, 1, 0, 8), (4, 3), (5, 2, 1, 8)): True,
 ((3, 1, 0, 8), (5, 0), (5, 2, 1, 8)): True,
 ((3, 1, 0, 8), (5, 1), (5, 2, 1, 8)): True,
 ((3, 1, 0, 8), (5, 2), (5, 2, 1, 8)): True,
 ((3, 1, 0, 8), (5, 2, 1, 8), (5, 3)): True,
 ((3, 1, 0, 8), (5, 2, 1, 8), (5, 4)): True}
HIT
occluder_cache = {((0, 1, 0, 8), (2, 0), (2, 2, 1, 8)): False,
 ((0, 1, 0, 8), (2, 1), (2, 2, 1, 8)): True,
 ((0, 1, 0, 8), (2, 2, 1, 8), (3, 0)): False,
 ((0, 1, 0, 8), (2, 2, 1, 8), (3, 1)): True,
 ((0, 1, 0, 8), (2, 2, 1, 8), (3, 2)): True,
 ((0, 1, 0, 8), (2, 2, 1, 8), (4, 0)): False,
 ((0, 1, 0, 8), (2, 2, 1, 8), (4, 1)): True,
 ((0, 1, 0, 8), (2, 2, 1, 8), (4, 2)): True,
 ((0, 1, 0, 8), (2, 2, 1, 8), (4, 3)): True,
 ((0, 1, 0, 8), (2, 2, 1, 8), (5, 0)): False,
 ((0, 1, 0, 8), (2, 2, 1, 8), (5, 1)): True,
 ((0, 1, 0, 8), (2, 2, 1, 8), (5, 2)): True,
 ((0, 1, 0, 8), (2, 2, 1, 8), (5, 3)): True,
 ((0, 1, 0, 8), (2, 2, 1, 8), (5, 4)): True,
 ((0, 2, 0, 8), (2, 2, 1, 8), (6, 0)): False,
 ((0, 2, 0, 8), (2, 2, 1, 8), (7, 1)): True,
 ((0, 2, 0, 8), (2, 2, 1, 8), (8, 0)): False,
 ((0, 2, 0, 8), (2, 2, 1, 8), (8, 2)): True,
 ((0, 2, 0, 8), (2, 2, 1, 8), (9, 1)): True,
 ((0, 2, 0, 8), (2, 2, 1, 8), (9, 3)): True,
 ((0, 2, 0, 8), (2, 2, 1, 8), (10, 2)): True,
 ((0, 2, 1, 8), (2, 0), (4, 1, 0, 8)): True,
 ((0, 2, 1, 8), (3, 0), (4, 1, 0, 8)): True,
 ((0, 2, 1, 8), (3, 1), (4, 1, 0, 8)): True,
 ((0, 2, 1, 8), (3, 2), (4, 1, 0, 8)): True,
 ((0, 2, 1, 8), (4, 0), (4, 1, 0, 8)): True,
 ((0, 2, 1, 8), (4, 1), (4, 1, 0, 8)): True,
 ((0, 2, 1, 8), (4, 1, 0, 8), (4, 2)): False,
 ((0, 2, 1, 8), (4, 1, 0, 8), (4, 3)): True,
 ((0, 2, 1, 8), (4, 1, 0, 8), (5, 0)): True,
 ((0, 2, 1, 8), (4, 1, 0, 8), (5, 1)): True,
 ((0, 2, 1, 8), (4, 1, 0, 8), (5, 2)): True,
 ((0, 2, 1, 8), (4, 1, 0, 8), (5, 3)): True,
 ((0, 2, 1, 8), (4, 1, 0, 8), (5, 4)): True,
 ((0, 2, 1, 8), (4, 1, 0, 8), (6, 1)): True,
 ((0, 2, 1, 8), (4, 1, 0, 8), (6, 2)): True,
 ((0, 2, 1, 8), (4, 1, 0, 8), (6, 3)): False,
 ((0, 2, 1, 8), (4, 1, 0, 8), (6, 4)): True,
 ((0, 2, 1, 8), (4, 1, 0, 8), (6, 5)): True,
 ((0, 2, 1, 8), (4, 1, 0, 8), (7, 2)): True,
 ((0, 2, 1, 8), (4, 1, 0, 8), (7, 3)): True,
 ((0, 2, 1, 8), (4, 1, 0, 8), (7, 4)): True,
 ((0, 2, 1, 8), (4, 1, 0, 8), (7, 5)): True,
 ((0, 2, 1, 8), (4, 1, 0, 8), (7, 6)): True,
 ((0, 2, 1, 8), (4, 1, 0, 8), (8, 3)): True,
 ((0, 2, 1, 8), (4, 1, 0, 8), (8, 4)): False,
 ((0, 2, 1, 8), (4, 1, 0, 8), (8, 5)): True,
 ((0, 2, 1, 8), (4, 1, 0, 8), (8, 6)): True,
 ((0, 2, 1, 8), (4, 1, 0, 8), (8, 7)): True,
 ((0, 2, 1, 8), (4, 1, 0, 8), (9, 4)): True,
 ((0, 2, 1, 8), (4, 1, 0, 8), (9, 5)): True,
 ((0, 2, 1, 8), (4, 1, 0, 8), (9, 6)): True,
 ((0, 2, 1, 8), (4, 1, 0, 8), (9, 7)): True,
 ((0, 2, 1, 8), (4, 1, 0, 8), (9, 8)): True,
 ((0, 2, 1, 8), (4, 2, 0, 8), (6, 5)): True,
 ((0, 2, 1, 8), (4, 2, 0, 8), (7, 5)): True,
 ((0, 2, 1, 8), (4, 2, 0, 8), (7, 6)): True,
 ((0, 2, 1, 8), (4, 2, 0, 8), (8, 5)): True,
 ((0, 2, 1, 8), (4, 2, 0, 8), (8, 6)): True,
 ((0, 2, 1, 8), (4, 2, 0, 8), (8, 7)): True,
 ((0, 2, 1, 8), (4, 2, 0, 8), (9, 5)): True,
 ((0, 2, 1, 8), (4, 2, 0, 8), (9, 6)): True,
 ((0, 2, 1, 8), (4, 2, 0, 8), (9, 7)): True,
 ((0, 2, 1, 8), (4, 2, 0, 8), (9, 8)): True,
 ((1, 1, 0, 8), (2, 0), (3, 2, 1, 8)): True,
 ((1, 1, 0, 8), (3, 1), (3, 2, 1, 8)): True,
 ((1, 1, 0, 8), (3, 2, 1, 8), (4, 0)): True,
 ((1, 1, 0, 8), (3, 2, 1, 8), (4, 2)): True,
 ((1, 1, 0, 8), (3, 2, 1, 8), (5, 1)): True,
 ((1, 1, 0, 8), (3, 2, 1, 8), (5, 3)): True,
 ((1, 1, 0, 8), (3, 2, 1, 8), (6, 0)): True,
 ((1, 1, 0, 8), (3, 2, 1, 8), (6, 2)): True,
 ((1, 1, 0, 8), (3, 2, 1, 8), (6, 4)): True,
 ((1, 1, 0, 8), (3, 2, 1, 8), (7, 1)): True,
 ((1, 1, 0, 8), (3, 2, 1, 8), (7, 3)): True,
 ((1, 1, 0, 8), (3, 2, 1, 8), (7, 5)): True,
 ((1, 1, 0, 8), (3, 2, 1, 8), (8, 2)): True,
 ((1, 1, 0, 8), (3, 2, 1, 8), (8, 4)): True,
 ((1, 1, 0, 8), (3, 2, 1, 8), (8, 6)): True,
 ((1, 1, 0, 8), (3, 2, 1, 8), (9, 3)): True,
 ((1, 1, 0, 8), (3, 2, 1, 8), (9, 5)): True,
 ((1, 1, 0, 8), (3, 2, 1, 8), (9, 7)): True,
 ((1, 1, 0, 8), (3, 2, 1, 8), (10, 4)): True,
 ((1, 1, 0, 8), (3, 2, 1, 8), (10, 6)): True,
 ((1, 1, 0, 8), (3, 2, 1, 8), (10, 8)): True,
 ((1, 2, 1, 8), (2, 0), (5, 1, 0, 8)): True,
 ((1, 2, 1, 8), (2, 1), (5, 1, 0, 8)): True,
 ((1, 2, 1, 8), (3, 0), (5, 1, 0, 8)): True,
 ((1, 2, 1, 8), (3, 1), (5, 1, 0, 8)): True,
 ((1, 2, 1, 8), (3, 2), (5, 1, 0, 8)): True,
 ((1, 2, 1, 8), (4, 0), (5, 1, 0, 8)): True,
 ((1, 2, 1, 8), (4, 1), (5, 1, 0, 8)): True,
 ((1, 2, 1, 8), (4, 1), (5, 2, 0, 8)): True,
 ((1, 2, 1, 8), (4, 2), (5, 1, 0, 8)): True,
 ((1, 2, 1, 8), (4, 3), (5, 1, 0, 8)): True,
 ((1, 2, 1, 8), (5, 0), (5, 1, 0, 8)): True,
 ((1, 2, 1, 8), (5, 0), (5, 2, 0, 8)): True,
 ((1, 2, 1, 8), (5, 1), (5, 1, 0, 8)): True,
 ((1, 2, 1, 8), (5, 1), (5, 2, 0, 8)): True,
 ((1, 2, 1, 8), (5, 1, 0, 8), (5, 2)): True,
 ((1, 2, 1, 8), (5, 1, 0, 8), (5, 3)): True,
 ((1, 2, 1, 8), (5, 1, 0, 8), (5, 4)): True,
 ((1, 2, 1, 8), (5, 1, 0, 8), (6, 0)): True,
 ((1, 2, 1, 8), (5, 1, 0, 8), (6, 1)): True,
 ((1, 2, 1, 8), (5, 1, 0, 8), (6, 2)): True,
 ((1, 2, 1, 8), (5, 1, 0, 8), (6, 3)): True,
 ((1, 2, 1, 8), (5, 1, 0, 8), (6, 4)): True,
 ((1, 2, 1, 8), (5, 1, 0, 8), (6, 5)): True,
 ((1, 2, 1, 8), (5, 1, 0, 8), (7, 0)): True,
 ((1, 2, 1, 8), (5, 1, 0, 8), (7, 1)): True,
 ((1, 2, 1, 8), (5, 1, 0, 8), (7, 2)): True,
 ((1, 2, 1, 8), (5, 1, 0, 8), (7, 3)): True,
 ((1, 2, 1, 8), (5, 1, 0, 8), (7, 4)): True,
 ((1, 2, 1, 8), (5, 1, 0, 8), (7, 5)): True,
 ((1, 2, 1, 8), (5, 1, 0, 8), (8, 0)): True,
 ((1, 2, 1, 8), (5, 1, 0, 8), (8, 1)): True,
 ((1, 2, 1, 8), (5, 1, 0, 8), (8, 2)): True,
 ((1, 2, 1, 8), (5, 1, 0, 8), (8, 3)): True,
 ((1, 2, 1, 8), (5, 1, 0, 8), (8, 4)): True,
 ((1, 2, 1, 8), (5, 1, 0, 8), (8, 5)): True,
 ((1, 2, 1, 8), (5, 1, 0, 8), (9, 1)): True,
 ((1, 2, 1, 8), (5, 1, 0, 8), (9, 2)): True,
 ((1, 2, 1, 8), (5, 1, 0, 8), (9, 3)): True,
 ((1, 2, 1, 8), (5, 1, 0, 8), (9, 4)): True,
 ((1, 2, 1, 8), (5, 1, 0, 8), (9, 5)): True,
 ((1, 2, 1, 8), (5, 2), (5, 2, 0, 8)): True,
 ((1, 2, 1, 8), (5, 2, 0, 8), (5, 3)): True,
 ((1, 2, 1, 8), (5, 2, 0, 8), (5, 4)): True,
 ((1, 2, 1, 8), (5, 2, 0, 8), (6, 0)): True,
 ((1, 2, 1, 8), (5, 2, 0, 8), (6, 1)): True,
 ((1, 2, 1, 8), (5, 2, 0, 8), (6, 2)): True,
 ((1, 2, 1, 8), (5, 2, 0, 8), (6, 3)): True,
 ((1, 2, 1, 8), (5, 2, 0, 8), (6, 4)): True,
 ((1, 2, 1, 8), (5, 2, 0, 8), (6, 5)): True,
 ((1, 2, 1, 8), (5, 2, 0, 8), (7, 0)): True,
 ((1, 2, 1, 8), (5, 2, 0, 8), (7, 1)): True,
 ((1, 2, 1, 8), (5, 2, 0, 8), (7, 2)): True,
 ((1, 2, 1, 8), (5, 2, 0, 8), (7, 3)): True,
 ((1, 2, 1, 8), (5, 2, 0, 8), (7, 4)): True,
 ((1, 2, 1, 8), (5, 2, 0, 8), (7, 5)): True,
 ((1, 2, 1, 8), (5, 2, 0, 8), (7, 6)): True,
 ((1, 2, 1, 8), (5, 2, 0, 8), (8, 0)): True,
 ((1, 2, 1, 8), (5, 2, 0, 8), (8, 1)): True,
 ((1, 2, 1, 8), (5, 2, 0, 8), (8, 2)): True,
 ((1, 2, 1, 8), (5, 2, 0, 8), (8, 3)): True,
 ((1, 2, 1, 8), (5, 2, 0, 8), (8, 4)): True,
 ((1, 2, 1, 8), (5, 2, 0, 8), (8, 5)): True,
 ((1, 2, 1, 8), (5, 2, 0, 8), (8, 6)): True,
 ((1, 2, 1, 8), (5, 2, 0, 8), (8, 7)): True,
 ((1, 2, 1, 8), (5, 2, 0, 8), (9, 0)): True,
 ((1, 2, 1, 8), (5, 2, 0, 8), (9, 1)): True,
 ((1, 2, 1, 8), (5, 2, 0, 8), (9, 2)): True,
 ((1, 2, 1, 8), (5, 2, 0, 8), (9, 3)): True,
 ((1, 2, 1, 8), (5, 2, 0, 8), (9, 4)): True,
 ((1, 2, 1, 8), (5, 2, 0, 8), (9, 5)): True,
 ((1, 2, 1, 8), (5, 2, 0, 8), (9, 6)): True,
 ((1, 2, 1, 8), (5, 2, 0, 8), (9, 7)): True,
 ((1, 2, 1, 8), (5, 2, 0, 8), (9, 8)): True,
 ((2, 0), (2, 1, 0, 8), (4, 2, 1, 8)): True,
 ((2, 0), (3, 1, 0, 8), (5, 2, 1, 8)): True,
 ((2, 1), (3, 1, 0, 8), (5, 2, 1, 8)): True,
 ((2, 1, 0, 8), (3, 0), (4, 2, 1, 8)): True,
 ((2, 1, 0, 8), (3, 1), (4, 2, 1, 8)): True,
 ((2, 1, 0, 8), (3, 2), (4, 2, 1, 8)): True,
 ((2, 1, 0, 8), (4, 0), (4, 2, 1, 8)): True,
 ((2, 1, 0, 8), (4, 1), (4, 2, 1, 8)): True,
 ((2, 1, 0, 8), (4, 2), (4, 2, 1, 8)): True,
 ((2, 1, 0, 8), (4, 2, 1, 8), (5, 0)): True,
 ((2, 1, 0, 8), (4, 2, 1, 8), (5, 1)): True,
 ((2, 1, 0, 8), (4, 2, 1, 8), (5, 2)): True,
 ((2, 1, 0, 8), (4, 2, 1, 8), (5, 3)): True,
 ((2, 1, 0, 8), (4, 2, 1, 8), (5, 4)): True,
 ((2, 1, 0, 8), (4, 2, 1, 8), (6, 0)): True,
 ((2, 1, 0, 8), (4, 2, 1, 8), (6, 1)): True,
 ((2, 1, 0, 8), (4, 2, 1, 8), (6, 2)): True,
 ((2, 1, 0, 8), (4, 2, 1, 8), (6, 3)): True,
 ((2, 1, 0, 8), (4, 2, 1, 8), (6, 4)): True,
 ((2, 1, 0, 8), (4, 2, 1, 8), (7, 0)): True,
 ((2, 1, 0, 8), (4, 2, 1, 8), (7, 1)): True,
 ((2, 1, 0, 8), (4, 2, 1, 8), (7, 2)): True,
 ((2, 1, 0, 8), (4, 2, 1, 8), (7, 3)): True,
 ((2, 1, 0, 8), (4, 2, 1, 8), (7, 4)): True,
 ((2, 1, 0, 8), (4, 2, 1, 8), (7, 5)): True,
 ((2, 1, 0, 8), (4, 2, 1, 8), (8, 0)): True,
 ((2, 1, 0, 8), (4, 2, 1, 8), (8, 1)): True,
 ((2, 1, 0, 8), (4, 2, 1, 8), (8, 2)): True,
 ((2, 1, 0, 8), (4, 2, 1, 8), (8, 3)): True,
 ((2, 1, 0, 8), (4, 2, 1, 8), (8, 4)): True,
 ((2, 1, 0, 8), (4, 2, 1, 8), (8, 5)): True,
 ((2, 1, 0, 8), (4, 2, 1, 8), (9, 0)): True,
 ((2, 1, 0, 8), (4, 2, 1, 8), (9, 1)): True,
 ((2, 1, 0, 8), (4, 2, 1, 8), (9, 2)): True,
 ((2, 1, 0, 8), (4, 2, 1, 8), (9, 3)): True,
 ((2, 1, 0, 8), (4, 2, 1, 8), (9, 4)): True,
 ((2, 1, 0, 8), (4, 2, 1, 8), (9, 5)): True,
 ((2, 1, 0, 8), (4, 2, 1, 8), (9, 6)): True,
 ((2, 1, 0, 8), (4, 2, 1, 8), (10, 1)): True,
 ((2, 1, 0, 8), (4, 2, 1, 8), (10, 3)): True,
 ((2, 1, 0, 8), (4, 2, 1, 8), (10, 5)): True,
 ((3, 0), (3, 1, 0, 8), (5, 2, 1, 8)): True,
 ((3, 1), (3, 1, 0, 8), (5, 2, 1, 8)): True,
 ((3, 1, 0, 8), (3, 2), (5, 2, 1, 8)): True,
 ((3, 1, 0, 8), (4, 0), (5, 2, 1, 8)): True,
 ((3, 1, 0, 8), (4, 1), (5, 2, 1, 8)): True,
 ((3, 1, 0, 8), (4, 2), (5, 2, 1, 8)): True,
 ((3, 1, 0, 8), (4, 3), (5, 2, 1, 8)): True,
 ((3, 1, 0, 8), (5, 0), (5, 2, 1, 8)): True,
 ((3, 1, 0, 8), (5, 1), (5, 2, 1, 8)): True,
 ((3, 1, 0, 8), (5, 2), (5, 2, 1, 8)): True,
 ((3, 1, 0, 8), (5, 2, 1, 8), (5, 3)): True,
 ((3, 1, 0, 8), (5, 2, 1, 8), (5, 4)): True}
HIT
occluder_cache = {((0, 1, 0, 8), (2, 0), (2, 2, 1, 8)): False,
 ((0, 1, 0, 8), (2, 1), (2, 2, 1, 8)): True,
 ((0, 1, 0, 8), (2, 2, 1, 8), (3, 0)): False,
 ((0, 1, 0, 8), (2, 2, 1, 8), (3, 1)): True,
 ((0, 1, 0, 8), (2, 2, 1, 8), (3, 2)): True,
 ((0, 1, 0, 8), (2, 2, 1, 8), (4, 0)): False,
 ((0, 1, 0, 8), (2, 2, 1, 8), (4, 1)): True,
 ((0, 1, 0, 8), (2, 2, 1, 8), (4, 2)): True,
 ((0, 1, 0, 8), (2, 2, 1, 8), (4, 3)): True,
 ((0, 1, 0, 8), (2, 2, 1, 8), (5, 0)): False,
 ((0, 1, 0, 8), (2, 2, 1, 8), (5, 1)): True,
 ((0, 1, 0, 8), (2, 2, 1, 8), (5, 2)): True,
 ((0, 1, 0, 8), (2, 2, 1, 8), (5, 3)): True,
 ((0, 1, 0, 8), (2, 2, 1, 8), (5, 4)): True,
 ((0, 2, 0, 8), (2, 2, 1, 8), (6, 0)): False,
 ((0, 2, 0, 8), (2, 2, 1, 8), (7, 1)): True,
 ((0, 2, 0, 8), (2, 2, 1, 8), (8, 0)): False,
 ((0, 2, 0, 8), (2, 2, 1, 8), (8, 2)): True,
 ((0, 2, 0, 8), (2, 2, 1, 8), (9, 1)): True,
 ((0, 2, 0, 8), (2, 2, 1, 8), (9, 3)): True,
 ((0, 2, 0, 8), (2, 2, 1, 8), (10, 2)): True,
 ((0, 2, 1, 8), (2, 0), (4, 1, 0, 8)): True,
 ((0, 2, 1, 8), (3, 0), (4, 1, 0, 8)): True,
 ((0, 2, 1, 8), (3, 1), (4, 1, 0, 8)): True,
 ((0, 2, 1, 8), (3, 2), (4, 1, 0, 8)): True,
 ((0, 2, 1, 8), (4, 0), (4, 1, 0, 8)): True,
 ((0, 2, 1, 8), (4, 1), (4, 1, 0, 8)): True,
 ((0, 2, 1, 8), (4, 1, 0, 8), (4, 2)): False,
 ((0, 2, 1, 8), (4, 1, 0, 8), (4, 3)): True,
 ((0, 2, 1, 8), (4, 1, 0, 8), (5, 0)): True,
 ((0, 2, 1, 8), (4, 1, 0, 8), (5, 1)): True,
 ((0, 2, 1, 8), (4, 1, 0, 8), (5, 2)): True,
 ((0, 2, 1, 8), (4, 1, 0, 8), (5, 3)): True,
 ((0, 2, 1, 8), (4, 1, 0, 8), (5, 4)): True,
 ((0, 2, 1, 8), (4, 1, 0, 8), (6, 1)): True,
 ((0, 2, 1, 8), (4, 1, 0, 8), (6, 2)): True,
 ((0, 2, 1, 8), (4, 1, 0, 8), (6, 3)): False,
 ((0, 2, 1, 8), (4, 1, 0, 8), (6, 4)): True,
 ((0, 2, 1, 8), (4, 1, 0, 8), (6, 5)): True,
 ((0, 2, 1, 8), (4, 1, 0, 8), (7, 2)): True,
 ((0, 2, 1, 8), (4, 1, 0, 8), (7, 3)): True,
 ((0, 2, 1, 8), (4, 1, 0, 8), (7, 4)): True,
 ((0, 2, 1, 8), (4, 1, 0, 8), (7, 5)): True,
 ((0, 2, 1, 8), (4, 1, 0, 8), (7, 6)): True,
 ((0, 2, 1, 8), (4, 1, 0, 8), (8, 3)): True,
 ((0, 2, 1, 8), (4, 1, 0, 8), (8, 4)): False,
 ((0, 2, 1, 8), (4, 1, 0, 8), (8, 5)): True,
 ((0, 2, 1, 8), (4, 1, 0, 8), (8, 6)): True,
 ((0, 2, 1, 8), (4, 1, 0, 8), (8, 7)): True,
 ((0, 2, 1, 8), (4, 1, 0, 8), (9, 4)): True,
 ((0, 2, 1, 8), (4, 1, 0, 8), (9, 5)): True,
 ((0, 2, 1, 8), (4, 1, 0, 8), (9, 6)): True,
 ((0, 2, 1, 8), (4, 1, 0, 8), (9, 7)): True,
 ((0, 2, 1, 8), (4, 1, 0, 8), (9, 8)): True,
 ((0, 2, 1, 8), (4, 2, 0, 8), (6, 5)): True,
 ((0, 2, 1, 8), (4, 2, 0, 8), (7, 5)): True,
 ((0, 2, 1, 8), (4, 2, 0, 8), (7, 6)): True,
 ((0, 2, 1, 8), (4, 2, 0, 8), (8, 5)): True,
 ((0, 2, 1, 8), (4, 2, 0, 8), (8, 6)): True,
 ((0, 2, 1, 8), (4, 2, 0, 8), (8, 7)): True,
 ((0, 2, 1, 8), (4, 2, 0, 8), (9, 5)): True,
 ((0, 2, 1, 8), (4, 2, 0, 8), (9, 6)): True,
 ((0, 2, 1, 8), (4, 2, 0, 8), (9, 7)): True,
 ((0, 2, 1, 8), (4, 2, 0, 8), (9, 8)): True,
 ((1, 1, 0, 8), (2, 0), (3, 2, 1, 8)): True,
 ((1, 1, 0, 8), (3, 1), (3, 2, 1, 8)): True,
 ((1, 1, 0, 8), (3, 2, 1, 8), (4, 0)): True,
 ((1, 1, 0, 8), (3, 2, 1, 8), (4, 2)): True,
 ((1, 1, 0, 8), (3, 2, 1, 8), (5, 1)): True,
 ((1, 1, 0, 8), (3, 2, 1, 8), (5, 3)): True,
 ((1, 1, 0, 8), (3, 2, 1, 8), (6, 0)): True,
 ((1, 1, 0, 8), (3, 2, 1, 8), (6, 2)): True,
 ((1, 1, 0, 8), (3, 2, 1, 8), (6, 4)): True,
 ((1, 1, 0, 8), (3, 2, 1, 8), (7, 1)): True,
 ((1, 1, 0, 8), (3, 2, 1, 8), (7, 3)): True,
 ((1, 1, 0, 8), (3, 2, 1, 8), (7, 5)): True,
 ((1, 1, 0, 8), (3, 2, 1, 8), (8, 2)): True,
 ((1, 1, 0, 8), (3, 2, 1, 8), (8, 4)): True,
 ((1, 1, 0, 8), (3, 2, 1, 8), (8, 6)): True,
 ((1, 1, 0, 8), (3, 2, 1, 8), (9, 3)): True,
 ((1, 1, 0, 8), (3, 2, 1, 8), (9, 5)): True,
 ((1, 1, 0, 8), (3, 2, 1, 8), (9, 7)): True,
 ((1, 1, 0, 8), (3, 2, 1, 8), (10, 4)): True,
 ((1, 1, 0, 8), (3, 2, 1, 8), (10, 6)): True,
 ((1, 1, 0, 8), (3, 2, 1, 8), (10, 8)): True,
 ((1, 2, 1, 8), (2, 0), (5, 1, 0, 8)): True,
 ((1, 2, 1, 8), (2, 1), (5, 1, 0, 8)): True,
 ((1, 2, 1, 8), (3, 0), (5, 1, 0, 8)): True,
 ((1, 2, 1, 8), (3, 1), (5, 1, 0, 8)): True,
 ((1, 2, 1, 8), (3, 2), (5, 1, 0, 8)): True,
 ((1, 2, 1, 8), (4, 0), (5, 1, 0, 8)): True,
 ((1, 2, 1, 8), (4, 1), (5, 1, 0, 8)): True,
 ((1, 2, 1, 8), (4, 1), (5, 2, 0, 8)): True,
 ((1, 2, 1, 8), (4, 2), (5, 1, 0, 8)): True,
 ((1, 2, 1, 8), (4, 3), (5, 1, 0, 8)): True,
 ((1, 2, 1, 8), (5, 0), (5, 1, 0, 8)): True,
 ((1, 2, 1, 8), (5, 0), (5, 2, 0, 8)): True,
 ((1, 2, 1, 8), (5, 1), (5, 1, 0, 8)): True,
 ((1, 2, 1, 8), (5, 1), (5, 2, 0, 8)): True,
 ((1, 2, 1, 8), (5, 1, 0, 8), (5, 2)): True,
 ((1, 2, 1, 8), (5, 1, 0, 8), (5, 3)): True,
 ((1, 2, 1, 8), (5, 1, 0, 8), (5, 4)): True,
 ((1, 2, 1, 8), (5, 1, 0, 8), (6, 0)): True,
 ((1, 2, 1, 8), (5, 1, 0, 8), (6, 1)): True,
 ((1, 2, 1, 8), (5, 1, 0, 8), (6, 2)): True,
 ((1, 2, 1, 8), (5, 1, 0, 8), (6, 3)): True,
 ((1, 2, 1, 8), (5, 1, 0, 8), (6, 4)): True,
 ((1, 2, 1, 8), (5, 1, 0, 8), (6, 5)): True,
 ((1, 2, 1, 8), (5, 1, 0, 8), (7, 0)): True,
 ((1, 2, 1, 8), (5, 1, 0, 8), (7, 1)): True,
 ((1, 2, 1, 8), (5, 1, 0, 8), (7, 2)): True,
 ((1, 2, 1, 8), (5, 1, 0, 8), (7, 3)): True,
 ((1, 2, 1, 8), (5, 1, 0, 8), (7, 4)): True,
 ((1, 2, 1, 8), (5, 1, 0, 8), (7, 5)): True,
 ((1, 2, 1, 8), (5, 1, 0, 8), (8, 0)): True,
 ((1, 2, 1, 8), (5, 1, 0, 8), (8, 1)): True,
 ((1, 2, 1, 8), (5, 1, 0, 8), (8, 2)): True,
 ((1, 2, 1, 8), (5, 1, 0, 8), (8, 3)): True,
 ((1, 2, 1, 8), (5, 1, 0, 8), (8, 4)): True,
 ((1, 2, 1, 8), (5, 1, 0, 8), (8, 5)): True,
 ((1, 2, 1, 8), (5, 1, 0, 8), (9, 1)): True,
 ((1, 2, 1, 8), (5, 1, 0, 8), (9, 2)): True,
 ((1, 2, 1, 8), (5, 1, 0, 8), (9, 3)): True,
 ((1, 2, 1, 8), (5, 1, 0, 8), (9, 4)): True,
 ((1, 2, 1, 8), (5, 1, 0, 8), (9, 5)): True,
 ((1, 2, 1, 8), (5, 2), (5, 2, 0, 8)): True,
 ((1, 2, 1, 8), (5, 2, 0, 8), (5, 3)): True,
 ((1, 2, 1, 8), (5, 2, 0, 8), (5, 4)): True,
 ((1, 2, 1, 8), (5, 2, 0, 8), (6, 0)): True,
 ((1, 2, 1, 8), (5, 2, 0, 8), (6, 1)): True,
 ((1, 2, 1, 8), (5, 2, 0, 8), (6, 2)): True,
 ((1, 2, 1, 8), (5, 2, 0, 8), (6, 3)): True,
 ((1, 2, 1, 8), (5, 2, 0, 8), (6, 4)): True,
 ((1, 2, 1, 8), (5, 2, 0, 8), (6, 5)): True,
 ((1, 2, 1, 8), (5, 2, 0, 8), (7, 0)): True,
 ((1, 2, 1, 8), (5, 2, 0, 8), (7, 1)): True,
 ((1, 2, 1, 8), (5, 2, 0, 8), (7, 2)): True,
 ((1, 2, 1, 8), (5, 2, 0, 8), (7, 3)): True,
 ((1, 2, 1, 8), (5, 2, 0, 8), (7, 4)): True,
 ((1, 2, 1, 8), (5, 2, 0, 8), (7, 5)): True,
 ((1, 2, 1, 8), (5, 2, 0, 8), (7, 6)): True,
 ((1, 2, 1, 8), (5, 2, 0, 8), (8, 0)): True,
 ((1, 2, 1, 8), (5, 2, 0, 8), (8, 1)): True,
 ((1, 2, 1, 8), (5, 2, 0, 8), (8, 2)): True,
 ((1, 2, 1, 8), (5, 2, 0, 8), (8, 3)): True,
 ((1, 2, 1, 8), (5, 2, 0, 8), (8, 4)): True,
 ((1, 2, 1, 8), (5, 2, 0, 8), (8, 5)): True,
 ((1, 2, 1, 8), (5, 2, 0, 8), (8, 6)): True,
 ((1, 2, 1, 8), (5, 2, 0, 8), (8, 7)): True,
 ((1, 2, 1, 8), (5, 2, 0, 8), (9, 0)): True,
 ((1, 2, 1, 8), (5, 2, 0, 8), (9, 1)): True,
 ((1, 2, 1, 8), (5, 2, 0, 8), (9, 2)): True,
 ((1, 2, 1, 8), (5, 2, 0, 8), (9, 3)): True,
 ((1, 2, 1, 8), (5, 2, 0, 8), (9, 4)): True,
 ((1, 2, 1, 8), (5, 2, 0, 8), (9, 5)): True,
 ((1, 2, 1, 8), (5, 2, 0, 8), (9, 6)): True,
 ((1, 2, 1, 8), (5, 2, 0, 8), (9, 7)): True,
 ((1, 2, 1, 8), (5, 2, 0, 8), (9, 8)): True,
 ((2, 0), (2, 1, 0, 8), (4, 2, 1, 8)): True,
 ((2, 0), (3, 1, 0, 8), (5, 2, 1, 8)): True,
 ((2, 1), (3, 1, 0, 8), (5, 2, 1, 8)): True,
 ((2, 1, 0, 8), (3, 0), (4, 2, 1, 8)): True,
 ((2, 1, 0, 8), (3, 1), (4, 2, 1, 8)): True,
 ((2, 1, 0, 8), (3, 2), (4, 2, 1, 8)): True,
 ((2, 1, 0, 8), (4, 0), (4, 2, 1, 8)): True,
 ((2, 1, 0, 8), (4, 1), (4, 2, 1, 8)): True,
 ((2, 1, 0, 8), (4, 2), (4, 2, 1, 8)): True,
 ((2, 1, 0, 8), (4, 2, 1, 8), (5, 0)): True,
 ((2, 1, 0, 8), (4, 2, 1, 8), (5, 1)): True,
 ((2, 1, 0, 8), (4, 2, 1, 8), (5, 2)): True,
 ((2, 1, 0, 8), (4, 2, 1, 8), (5, 3)): True,
 ((2, 1, 0, 8), (4, 2, 1, 8), (5, 4)): True,
 ((2, 1, 0, 8), (4, 2, 1, 8), (6, 0)): True,
 ((2, 1, 0, 8), (4, 2, 1, 8), (6, 1)): True,
 ((2, 1, 0, 8), (4, 2, 1, 8), (6, 2)): True,
 ((2, 1, 0, 8), (4, 2, 1, 8), (6, 3)): True,
 ((2, 1, 0, 8), (4, 2, 1, 8), (6, 4)): True,
 ((2, 1, 0, 8), (4, 2, 1, 8), (7, 0)): True,
 ((2, 1, 0, 8), (4, 2, 1, 8), (7, 1)): True,
 ((2, 1, 0, 8), (4, 2, 1, 8), (7, 2)): True,
 ((2, 1, 0, 8), (4, 2, 1, 8), (7, 3)): True,
 ((2, 1, 0, 8), (4, 2, 1, 8), (7, 4)): True,
 ((2, 1, 0, 8), (4, 2, 1, 8), (7, 5)): True,
 ((2, 1, 0, 8), (4, 2, 1, 8), (8, 0)): True,
 ((2, 1, 0, 8), (4, 2, 1, 8), (8, 1)): True,
 ((2, 1, 0, 8), (4, 2, 1, 8), (8, 2)): True,
 ((2, 1, 0, 8), (4, 2, 1, 8), (8, 3)): True,
 ((2, 1, 0, 8), (4, 2, 1, 8), (8, 4)): True,
 ((2, 1, 0, 8), (4, 2, 1, 8), (8, 5)): True,
 ((2, 1, 0, 8), (4, 2, 1, 8), (9, 0)): True,
 ((2, 1, 0, 8), (4, 2, 1, 8), (9, 1)): True,
 ((2, 1, 0, 8), (4, 2, 1, 8), (9, 2)): True,
 ((2, 1, 0, 8), (4, 2, 1, 8), (9, 3)): True,
 ((2, 1, 0, 8), (4, 2, 1, 8), (9, 4)): True,
 ((2, 1, 0, 8), (4, 2, 1, 8), (9, 5)): True,
 ((2, 1, 0, 8), (4, 2, 1, 8), (9, 6)): True,
 ((2, 1, 0, 8), (4, 2, 1, 8), (10, 1)): True,
 ((2, 1, 0, 8), (4, 2, 1, 8), (10, 3)): True,
 ((2, 1, 0, 8), (4, 2, 1, 8), (10, 5)): True,
 ((3, 0), (3, 1, 0, 8), (5, 2, 1, 8)): True,
 ((3, 1), (3, 1, 0, 8), (5, 2, 1, 8)): True,
 ((3, 1, 0, 8), (3, 2), (5, 2, 1, 8)): True,
 ((3, 1, 0, 8), (4, 0), (5, 2, 1, 8)): True,
 ((3, 1, 0, 8), (4, 1), (5, 2, 1, 8)): True,
 ((3, 1, 0, 8), (4, 2), (5, 2, 1, 8)): True,
 ((3, 1, 0, 8), (4, 3), (5, 2, 1, 8)): True,
 ((3, 1, 0, 8), (5, 0), (5, 2, 1, 8)): True,
 ((3, 1, 0, 8), (5, 1), (5, 2, 1, 8)): True,
 ((3, 1, 0, 8), (5, 2), (5, 2, 1, 8)): True,
 ((3, 1, 0, 8), (5, 2, 1, 8), (5, 3)): True,
 ((3, 1, 0, 8), (5, 2, 1, 8), (5, 4)): True}
HIT
1 option(s):
- no movement, attack 393
